('39.9836750089982_116.30434248561505_1237629000', ('038', 39.987826616666666, 116.31014966666669, 1237629430.0, 1237629440.0), ('036', 39.98441585714285, 116.30593219047618, 1237629001.0, 1237629191.0), 522.6077268333981)
('39.97467680863827_116.33355609512783_1234701600', ('023', 39.975161, 116.33378953846153, 1234701601.0, 1234701661.0), ('036', 39.97700433333333, 116.33922100000001, 1234701819.0, 1234701823.0), 506.3312193793777)
('39.97467680863827_116.33355609512783_1234701600', ('036', 39.97697223809523, 116.33899157142858, 1234702124.0, 1234702199.0), ('023', 39.974869500000004, 116.33373124999999, 1234701681.0, 1234701736.0), 505.7100484086481)
('39.97467680863827_116.33355609512783_1234701600', ('023', 39.9749387, 116.33388270000003, 1234701766.0, 1234701811.0), ('036', 39.97700433333333, 116.33922100000001, 1234701819.0, 1234701823.0), 509.7385244562531)
('39.97467680863827_116.33355609512783_1234701600', ('036', 39.97700433333333, 116.33922100000001, 1234701819.0, 1234701823.0), ('023', 39.974869500000004, 116.33373124999999, 1234701681.0, 1234701736.0), 524.7325961788623)
('39.97467680863827_116.3101852075176_1314727800', ('055', 39.978506666666654, 116.31063724637691, 1314727801.0, 1314727881.0), ('020', 39.974758888888886, 116.31407133333333, 1314728385.0, 1314728399.0), 509.3666160680439)
('39.97467680863827_116.3101852075176_1314727800', ('075', 39.978506666666654, 116.31063724637691, 1314727801.0, 1314727881.0), ('020', 39.974758888888886, 116.31407133333333, 1314728385.0, 1314728399.0), 509.3666160680439)
('39.961179508098375_116.3510842608355_1226589000', ('062', 39.96559383333334, 116.35250773333333, 1226589567.0, 1226589571.0), ('005', 39.96137813333334, 116.35503953333333, 1226589338.0, 1226589408.0), 516.2034796005852)
('39.979175908818235_116.30434248561505_1237630800', ('039', 39.98055044444444, 116.30892049206349, 1237630801.0, 1237631396.0), ('036', 39.983607, 116.304351, 1237630826.0, 1237630826.0), 516.9735005724299)
('40.253621019796036_116.29265704180993_1176628200', ('128', 40.2573777777778, 116.29455, 1176628235.0, 1176628265.0), ('111', 40.2537333333333, 116.2981, 1176628450.0, 1176628450.0), 505.1111486115384)
('39.97467680863827_116.33355609512783_1234700400', ('036', 39.97675811111111, 116.33905322222222, 1234700525.0, 1234700562.0), ('023', 39.97481033333334, 116.33363333333334, 1234700841.0, 1234700851.0), 510.25449584572925)
('25.037664211157765_121.55694947601349_1337042400', ('163', 25.033582611333333, 121.55696275233333, 1337042754.0, 1337042764.0), ('153', 25.035279052, 121.56275550550001, 1337042993.0, 1337042998.0), 613.5324843497591)
('25.037664211157765_121.55694947601349_1337042400', ('163', 25.035279052, 121.56275550550001, 1337042993.0, 1337042998.0), ('153', 25.033582611333333, 121.55696275233333, 1337042754.0, 1337042764.0), 613.5324843497591)
('25.262619220155965_110.2980243697868_1293168600', ('153', 25.262612, 110.292195, 1293168640.0, 1293168640.0), ('163', 25.261747538461538, 110.29797407692307, 1293168711.0, 1293168734.0), 589.2290991728944)
('25.262619220155965_110.2980243697868_1293168600', ('153', 25.261747538461538, 110.29797407692307, 1293168711.0, 1293168734.0), ('163', 25.262612, 110.292195, 1293168640.0, 1293168640.0), 589.2290991728944)
('40.05116151169766_116.29265704180993_1236835800', ('025', 40.052540929411755, 116.29326386176471, 1236835872.0, 1236835951.0), ('082', 40.0552675, 116.29829649999999, 1236835912.0, 1236835915.0), 524.9467607907322)
('39.83070560287942_116.28097159800483_1229494800', ('004', 39.835089, 116.281173, 1229494950.0, 1229494950.0), ('003', 39.83145481818181, 116.28597436363634, 1229495135.0, 1229495185.0), 575.8377989999307)
('39.83070560287942_116.28097159800483_1229494800', ('003', 39.83514, 116.281225, 1229494950.0, 1229494950.0), ('004', 39.83278262500001, 116.28625612500001, 1229495070.0, 1229495180.0), 503.40855139422393)
('39.99717230953809_116.32187065132273_1245933600', ('030', 40.0016605, 116.32618149999999, 1245934191.0, 1245934196.0), ('000', 39.99793714285715, 116.32199242857142, 1245933808.0, 1245933838.0), 546.7398970936848)
('39.99717230953809_116.32187065132273_1245933600', ('030', 40.0016605, 116.32618149999999, 1245934191.0, 1245934196.0), ('003', 39.99793714285715, 116.32199242857142, 1245933808.0, 1245933838.0), 546.7398970936848)
('39.99717230953809_116.32187065132273_1245933600', ('000', 39.99793714285715, 116.32199242857142, 1245933808.0, 1245933838.0), ('030', 40.00120173170731, 116.32652943902441, 1245933601.0, 1245934166.0), 530.3826610391264)
('39.99717230953809_116.32187065132273_1245933600', ('003', 39.99793714285715, 116.32199242857142, 1245933808.0, 1245933838.0), ('030', 40.00120173170731, 116.32652943902441, 1245933601.0, 1245934166.0), 530.3826610391264)
('39.97467680863827_116.32771337322528_1240929000', ('140', 39.975277188888896, 116.32879561851853, 1240929194.0, 1240929276.0), ('022', 39.978967, 116.333496, 1240929582.0, 1240929582.0), 573.5453048863732)
('22.702631217756444_120.35919148598937_1336751400', ('153', 22.702576900249998, 120.36484730174999, 1336751656.0, 1336751666.0), ('163', 22.700736866370374, 120.35959013985186, 1336751571.0, 1336751597.0), 576.9708876005764)
('22.702631217756444_120.35919148598937_1336751400', ('153', 22.700736866370374, 120.35959013985186, 1336751571.0, 1336751597.0), ('163', 22.702576900249998, 120.36484730174999, 1336751656.0, 1336751666.0), 576.9708876005764)
('39.97467680863827_116.32771337322528_1254029400', ('128', 39.9755716, 116.3277383, 1254029880.0, 1254029880.0), ('085', 39.977743136363635, 116.33328245454545, 1254029554.0, 1254029576.0), 530.7131327581076)
('39.97467680863827_116.32771337322528_1254029400', ('128', 39.9762505, 116.32772436666666, 1254029894.0, 1254029900.0), ('085', 39.977743136363635, 116.33328245454545, 1254029554.0, 1254029576.0), 501.9972122859608)
('25.276116520695858_110.2571253164689_1293100200', ('163', 25.273985083333333, 110.25198647222223, 1293100275.0, 1293100310.0), ('153', 25.276112666666666, 110.25673333333332, 1293100338.0, 1293100343.0), 532.8783088325654)
('25.276116520695858_110.2571253164689_1293100200', ('153', 25.273985083333333, 110.25198647222223, 1293100275.0, 1293100310.0), ('163', 25.276112666666666, 110.25673333333332, 1293100338.0, 1293100343.0), 532.8783088325654)
('39.97467680863827_116.32771337322528_1235989200', ('044', 39.974996, 116.333554, 1235989518.0, 1235989518.0), ('085', 39.9765455, 116.327774, 1235989322.0, 1235989327.0), 521.9478882256195)
('39.97467680863827_116.32771337322528_1235989200', ('044', 39.975429, 116.333538, 1235989503.0, 1235989503.0), ('085', 39.9765455, 116.327774, 1235989322.0, 1235989327.0), 506.75839514109845)
('39.97467680863827_116.32771337322528_1234706400', ('044', 39.9783245, 116.327897, 1234706514.0, 1234706529.0), ('023', 39.976312545454554, 116.3332013409091, 1234706401.0, 1234706611.0), 504.4715119085277)
('39.9836750089982_116.2984997637125_1224341400', ('085', 39.98371785714286, 116.30036142857143, 1224341680.0, 1224341692.0), ('062', 39.987750159375004, 116.30318754375, 1224341805.0, 1224341990.0), 509.0917994597706)
('39.9836750089982_116.2984997637125_1224341400', ('085', 39.98371785714286, 116.30036142857143, 1224341680.0, 1224341692.0), ('062', 39.9878849, 116.3030299, 1224341771.0, 1224341771.0), 516.2862505844965)
('24.596752393521292_117.07558177675253_1324314600', ('153', 24.595689942416666, 117.08084220195836, 1324314659.0, 1324314685.0), ('163', 24.593476838958335, 117.07636851570835, 1324314859.0, 1324314889.0), 515.0905799026976)
('24.596752393521292_117.07558177675253_1324314600', ('163', 24.595689942416666, 117.08084220195836, 1324314659.0, 1324314685.0), ('153', 24.593476838958335, 117.07636851570835, 1324314859.0, 1324314889.0), 515.0905799026976)
('39.97467680863827_116.30434248561505_1318569000', ('065', 39.9748283333333, 116.31016777777768, 1318569151.0, 1318569151.0), ('020', 39.978914715909085, 116.30512526515149, 1318569429.0, 1318569599.0), 625.5604491202844)
('23.467478248350325_120.6922266344351_1336934400', ('163', 23.463079628, 120.693602815, 1336934783.0, 1336934783.0), ('153', 23.467171325849996, 120.6962439529, 1336934923.0, 1336934948.0), 528.9160038875216)
('23.467478248350325_120.6922266344351_1336934400', ('163', 23.467171325849996, 120.6962439529, 1336934923.0, 1336934948.0), ('153', 23.463079628, 120.693602815, 1336934783.0, 1336934783.0), 528.9160038875216)
('39.97017770845831_116.32771337322528_1246888800', ('022', 39.972876, 116.333551, 1246889151.0, 1246889151.0), ('085', 39.97115639285715, 116.32785335714289, 1246889128.0, 1246889253.0), 521.9845646853285)
('39.97017770845831_116.32771337322528_1246888800', ('085', 39.97115639285715, 116.32785335714289, 1246889128.0, 1246889253.0), ('022', 39.972675, 116.333526, 1246889331.0, 1246889336.0), 512.2014829822896)
('39.97017770845831_116.32771337322528_1246888800', ('085', 39.97115639285715, 116.32785335714289, 1246889128.0, 1246889253.0), ('022', 39.973225, 116.33349212499999, 1246888801.0, 1246888831.0), 532.8920972257234)
('39.9836750089982_116.31602792942016_1229070600', ('012', 39.988138500000005, 116.31617449999999, 1229070700.0, 1229070721.0), ('014', 39.98468395555556, 116.32032766296298, 1229070995.0, 1229071139.0), 522.4238664223218)
('39.94318310737852_116.38029787034829_1234939800', ('024', 39.943414999999995, 116.38079066666667, 1234939805.0, 1234939815.0), ('017', 39.94758037714287, 116.38325756285714, 1234940116.0, 1234940150.0), 508.8352120813695)
('39.9836750089982_116.31602792942016_1226068200', ('012', 39.98802436, 116.31659124, 1226068421.0, 1226068493.0), ('003', 39.984024999999995, 116.321296, 1226068630.0, 1226068660.0), 598.8816206317491)
('39.9836750089982_116.31602792942016_1226068200', ('012', 39.98800260000001, 116.3175314, 1226068370.0, 1226068415.0), ('003', 39.984024999999995, 116.321296, 1226068630.0, 1226068660.0), 546.5144561658777)
('39.86219930413917_116.38029787034829_1228500600', ('018', 39.8653066, 116.3861266, 1228501153.0, 1228501153.0), ('019', 39.862695075, 116.380763975, 1228501102.0, 1228501199.0), 542.2154480705818)
('37.095252693461305_98.86966032838598_1222994400', ('124', 37.09153763636363, 98.8644240909091, 1222994487.0, 1222994498.0), ('010', 37.09482783333333, 98.86935966666665, 1222994433.0, 1222994438.0), 570.6914292082832)
('37.095252693461305_98.86966032838598_1222994400', ('010', 37.09153763636363, 98.8644240909091, 1222994487.0, 1222994498.0), ('124', 37.09482783333333, 98.86935966666665, 1222994433.0, 1222994438.0), 570.6914292082832)
('39.97467680863827_116.33355609512783_1226676600', ('007', 39.97840099999999, 116.33881838095242, 1226676867.0, 1226676967.0), ('012', 39.97519769999999, 116.33371709999999, 1226676984.0, 1226677167.0), 562.1506725208714)
('39.9836750089982_116.30434248561505_1225972800', ('179', 39.9870515, 116.31004137499998, 1225973070.0, 1225973084.0), ('062', 39.983808275, 116.304349125, 1225973307.0, 1225973313.0), 604.5495074388493)
('39.9836750089982_116.30434248561505_1225972800', ('179', 39.9870515, 116.31004137499998, 1225973070.0, 1225973084.0), ('062', 39.98386273333333, 116.3043505, 1225973324.0, 1225973327.0), 600.8598835517457)
('39.9836750089982_116.30434248561505_1225972800', ('096', 39.9870515, 116.31004137499998, 1225973070.0, 1225973084.0), ('062', 39.983808275, 116.304349125, 1225973307.0, 1225973313.0), 604.5495074388493)
('39.9836750089982_116.30434248561505_1225972800', ('096', 39.9870515, 116.31004137499998, 1225973070.0, 1225973084.0), ('062', 39.98386273333333, 116.3043505, 1225973324.0, 1225973327.0), 600.8598835517457)
('39.99717230953809_116.32187065132273_1244004600', ('030', 40.00062047058823, 116.32710243137257, 1244005012.0, 1244005163.0), ('039', 39.997413512195116, 116.32276456097556, 1244004600.0, 1244004775.0), 513.6752075949283)
('39.97467680863827_116.33939881703039_1226938200', ('005', 39.979129, 116.34300814285713, 1226938396.0, 1226938426.0), ('017', 39.97478975, 116.3445693125, 1226938501.0, 1226938508.0), 500.6614444509341)
('39.97017770845831_116.33355609512783_1225440000', ('007', 39.9744265, 116.33923175, 1225440141.0, 1225440176.0), ('016', 39.973035375, 116.333625875, 1225440068.0, 1225440084.0), 502.2720241347648)
('39.97017770845831_116.33355609512783_1225440000', ('007', 39.9740876, 116.3393556, 1225440276.0, 1225440321.0), ('016', 39.973035375, 116.333625875, 1225440068.0, 1225440084.0), 502.22926959034476)
('39.9836750089982_116.31602792942016_1228314000', ('017', 39.98486406666666, 116.32093627333332, 1228314539.0, 1228314567.0), ('012', 39.988151666666674, 116.31691033333334, 1228314038.0, 1228314053.0), 501.44094473536916)
('39.97467680863827_116.33355609512783_1236268800', ('044', 39.97527117307693, 116.33389073076923, 1236269173.0, 1236269398.0), ('036', 39.97891294736843, 116.33863319298246, 1236268883.0, 1236269398.0), 572.2621424517378)
('39.93868400719856_116.3510842608355_1245147000', ('153', 39.93918922222221, 116.35536055555556, 1245147561.0, 1245147597.0), ('017', 39.94301100909091, 116.35156570909089, 1245147097.0, 1245147108.0), 534.2669211936367)
('39.97467680863827_116.33355609512783_1226576400', ('006', 39.97851038461538, 116.33895115384615, 1226576725.0, 1226576785.0), ('015', 39.975047785714295, 116.333906, 1226576564.0, 1226576619.0), 577.2873551179715)
('39.97467680863827_116.33355609512783_1236252000', ('036', 39.976958, 116.339363, 1236252034.0, 1236252034.0), ('044', 39.975506, 116.333595, 1236252177.0, 1236252177.0), 517.4928847284243)
('39.97467680863827_116.33355609512783_1236252000', ('036', 39.976958, 116.339363, 1236252034.0, 1236252034.0), ('044', 39.9747005, 116.33368, 1236252222.0, 1236252227.0), 545.6169759624207)
('39.97467680863827_116.33355609512783_1236252000', ('036', 39.976958, 116.339363, 1236252034.0, 1236252034.0), ('044', 39.974815750000005, 116.33365075, 1236252197.0, 1236252212.0), 542.0752625518376)
('39.97017770845831_116.30434248561505_1235208600', ('038', 39.974634242105274, 116.30475406842109, 1235209142.0, 1235209196.0), ('040', 39.97175591428572, 116.30946802857146, 1235208950.0, 1235209120.0), 513.7695389245663)
('39.94318310737852_116.7834456816247_1240729800', ('000', 39.947223, 116.78347483333334, 1240730294.0, 1240730314.0), ('030', 39.9437515, 116.78811633333333, 1240730148.0, 1240730155.0), 552.9560717549173)
('39.94318310737852_116.7834456816247_1240729800', ('030', 39.9437515, 116.78811633333333, 1240730148.0, 1240730155.0), ('003', 39.947223, 116.78347483333334, 1240730294.0, 1240730314.0), 552.9560717549173)
('39.97467680863827_116.33355609512783_1239356400', ('036', 39.977813187500004, 116.33921662499999, 1239356735.0, 1239356810.0), ('044', 39.975691, 116.33366149999999, 1239356556.0, 1239356571.0), 529.0736470988345)
('39.97467680863827_116.33355609512783_1239356400', ('036', 39.977555, 116.339377, 1239356885.0, 1239356885.0), ('044', 39.975691, 116.33366149999999, 1239356556.0, 1239356571.0), 529.4512990046486)
('39.97467680863827_116.33355609512783_1239356400', ('044', 39.975691, 116.33366149999999, 1239356556.0, 1239356571.0), ('036', 39.978057, 116.339364, 1239356705.0, 1239356705.0), 552.7297237076394)
('39.97467680863827_116.33355609512783_1239356400', ('044', 39.975691, 116.33366149999999, 1239356556.0, 1239356571.0), ('036', 39.9775115, 116.339312, 1239356970.0, 1239356985.0), 522.4638003477528)
('39.97017770845831_116.3101852075176_1225633800', ('084', 39.974523375, 116.31041412500001, 1225633985.0, 1225634020.0), ('004', 39.97144588461539, 116.3153838974359, 1225633956.0, 1225634276.0), 544.6420836533156)
('25.253621019796036_110.2863389259817_1293108000', ('153', 25.253029, 110.2858903, 1293108373.0, 1293108391.0), ('163', 25.251823464285714, 110.28065764285714, 1293108002.0, 1293108122.0), 543.2174646561771)
('25.253621019796036_110.2863389259817_1293108000', ('163', 25.253029, 110.2858903, 1293108373.0, 1293108391.0), ('153', 25.251823464285714, 110.28065764285714, 1293108002.0, 1293108122.0), 543.2174646561771)
('39.93868400719856_116.34524153893295_1220366400', ('062', 39.9386883, 116.3455199, 1220366723.0, 1220366723.0), ('103', 39.94267493333333, 116.34979606666667, 1220366533.0, 1220366537.0), 574.1260858113037)
('39.93868400719856_116.34524153893295_1220366400', ('062', 39.93869, 116.3452499, 1220366731.0, 1220366731.0), ('103', 39.94267493333333, 116.34979606666667, 1220366533.0, 1220366537.0), 588.8779407436928)
('39.93868400719856_116.34524153893295_1220366400', ('062', 39.938712475, 116.345705775, 1220366708.0, 1220366717.0), ('103', 39.94267493333333, 116.34979606666667, 1220366533.0, 1220366537.0), 562.0792420547673)
('39.93868400719856_116.34524153893295_1220366400', ('103', 39.94267493333333, 116.34979606666667, 1220366533.0, 1220366537.0), ('062', 39.938747425, 116.345382875, 1220366743.0, 1220366752.0), 576.6202675938166)
('39.94318310737852_116.36861242654318_1238930400', ('000', 39.9446485, 116.36871450000001, 1238930993.0, 1238930998.0), ('153', 39.94325, 116.37443466666666, 1238930832.0, 1238930842.0), 512.0002854726783)
('39.94318310737852_116.36861242654318_1238930400', ('003', 39.9446485, 116.36871450000001, 1238930993.0, 1238930998.0), ('153', 39.94325, 116.37443466666666, 1238930832.0, 1238930842.0), 512.0002854726783)
('25.04216331133773_121.5686349198186_1337116800', ('153', 25.041649714272726, 121.56927821127273, 1337117260.0, 1337117270.0), ('163', 25.03969835725, 121.57420546425, 1337117179.0, 1337117182.0), 541.9100615211801)
('25.04216331133773_121.5686349198186_1337116800', ('163', 25.041649714272726, 121.56927821127273, 1337117260.0, 1337117270.0), ('153', 25.03969835725, 121.57420546425, 1337117179.0, 1337117182.0), 541.9100615211801)
('40.00617050989802_116.31602792942016_1224352200', ('126', 40.006182230769234, 116.32011246153846, 1224352384.0, 1224352408.0), ('096', 40.01062014285714, 116.32183214285715, 1224352528.0, 1224352540.0), 514.9118854355177)
('40.00617050989802_116.31602792942016_1224352200', ('167', 40.006182230769234, 116.32011246153846, 1224352384.0, 1224352408.0), ('096', 40.01062014285714, 116.32183214285715, 1224352528.0, 1224352540.0), 514.9118854355177)
('39.9836750089982_116.30434248561505_1244307000', ('004', 39.98477414999999, 116.31009394999998, 1244307272.0, 1244307352.0), ('025', 39.986368299999995, 116.3043558, 1244307402.0, 1244307404.0), 520.1878619320778)
('39.9836750089982_116.30434248561505_1244307000', ('004', 39.98477414999999, 116.31009394999998, 1244307272.0, 1244307352.0), ('025', 39.98663, 116.3043683, 1244307398.0, 1244307398.0), 529.8339371910275)
('39.93418490701859_116.34524153893295_1220366400', ('062', 39.9386833, 116.3456066, 1220366720.0, 1220366720.0), ('103', 39.9342574, 116.3496491, 1220366677.0, 1220366679.0), 601.0137828832379)
('39.93418490701859_116.34524153893295_1220366400', ('062', 39.9386483, 116.34532825, 1220366726.0, 1220366728.0), ('103', 39.9342574, 116.3496491, 1220366677.0, 1220366679.0), 611.8272467672672)
('39.98817410917816_116.29265704180993_1240798200', ('004', 39.9922105, 116.29842500000001, 1240798200.0, 1240798205.0), ('030', 39.98879188235294, 116.2930598235294, 1240798499.0, 1240798516.0), 594.6735019915118)
('39.98817410917816_116.29265704180993_1240798200', ('004', 39.9887785, 116.2930655, 1240798500.0, 1240798515.0), ('030', 39.99219685714286, 116.29844485714285, 1240798200.0, 1240798206.0), 595.5846981059286)
('39.98817410917816_116.29265704180993_1236823800', ('004', 39.98871033333334, 116.29306333333334, 1236824095.0, 1236824105.0), ('003', 39.992393500000006, 116.2984065, 1236823803.0, 1236823808.0), 612.510344640243)
('39.98817410917816_116.29265704180993_1236823800', ('004', 39.992256499999996, 116.298427, 1236823805.0, 1236823810.0), ('003', 39.98870775, 116.29308724999999, 1236824093.0, 1236824108.0), 602.3931449716406)
('39.98817410917816_116.29265704180993_1239537600', ('003', 39.9887365, 116.2930475, 1239537949.0, 1239537964.0), ('000', 39.992212071428575, 116.29831278571429, 1239537629.0, 1239537689.0), 592.2693256183666)
('39.98817410917816_116.29265704180993_1239537600', ('003', 39.9887365, 116.2930475, 1239537949.0, 1239537964.0), ('030', 39.99189445714285, 116.29836945714283, 1239537628.0, 1239537695.0), 573.650114468798)
('39.98817410917816_116.29265704180993_1239537600', ('003', 39.9887365, 116.2930475, 1239537949.0, 1239537964.0), ('004', 39.99230416666666, 116.2983773333333, 1239537632.0, 1239537682.0), 603.1371236800134)
('39.98817410917816_116.29265704180993_1239537600', ('000', 39.992212071428575, 116.29831278571429, 1239537629.0, 1239537689.0), ('030', 39.98877168421054, 116.29298052631577, 1239537945.0, 1239537967.0), 594.0763878897635)
('39.98817410917816_116.29265704180993_1239537600', ('000', 39.992212071428575, 116.29831278571429, 1239537629.0, 1239537689.0), ('004', 39.9887392, 116.2930194, 1239537947.0, 1239537967.0), 593.8901735341857)
('39.98817410917816_116.29265704180993_1239537600', ('030', 39.98877168421054, 116.29298052631577, 1239537945.0, 1239537967.0), ('003', 39.992212071428575, 116.29831278571429, 1239537629.0, 1239537689.0), 594.0763878897635)
('39.98817410917816_116.29265704180993_1239537600', ('030', 39.98877168421054, 116.29298052631577, 1239537945.0, 1239537967.0), ('004', 39.99230416666666, 116.2983773333333, 1239537632.0, 1239537682.0), 604.8973399234036)
('39.98817410917816_116.29265704180993_1239537600', ('030', 39.99189445714285, 116.29836945714283, 1239537628.0, 1239537695.0), ('004', 39.9887392, 116.2930194, 1239537947.0, 1239537967.0), 575.3619706834675)
('39.98817410917816_116.29265704180993_1239537600', ('030', 39.99189445714285, 116.29836945714283, 1239537628.0, 1239537695.0), ('000', 39.9887365, 116.2930475, 1239537949.0, 1239537964.0), 573.650114468798)
('39.98817410917816_116.29265704180993_1239537600', ('003', 39.992212071428575, 116.29831278571429, 1239537629.0, 1239537689.0), ('004', 39.9887392, 116.2930194, 1239537947.0, 1239537967.0), 593.8901735341857)
('39.98817410917816_116.29265704180993_1239537600', ('003', 39.992212071428575, 116.29831278571429, 1239537629.0, 1239537689.0), ('000', 39.9887365, 116.2930475, 1239537949.0, 1239537964.0), 592.2693256183666)
('39.98817410917816_116.29265704180993_1239537600', ('000', 39.9887365, 116.2930475, 1239537949.0, 1239537964.0), ('004', 39.99230416666666, 116.2983773333333, 1239537632.0, 1239537682.0), 603.1371236800134)
('39.97467680863827_116.33355609512783_1236269400', ('044', 39.9758548, 116.33392660000001, 1236269401.0, 1236269533.0), ('036', 39.97875581818182, 116.33890654545462, 1236269403.0, 1236269998.0), 533.1928610123884)
('39.97467680863827_116.3101852075176_1235034000', ('034', 39.97894993333333, 116.31024659999999, 1235034162.0, 1235034173.0), ('035', 39.975022444444434, 116.3133771111111, 1235034510.0, 1235034595.0), 511.89873692221)
('39.9206876064787_116.32771337322528_1236428400', ('024', 39.920981, 116.333466, 1236428979.0, 1236428979.0), ('026', 39.92397525, 116.32817965, 1236428976.0, 1236428998.0), 560.6011258331393)
('39.97467680863827_116.46209597698409_1295695200', ('163', 39.974979555555564, 116.467478, 1295695552.0, 1295695562.0), ('153', 39.97786966666667, 116.4621505, 1295695639.0, 1295695659.0), 556.3675121583117)
('39.97467680863827_116.46209597698409_1295695200', ('163', 39.974979555555564, 116.467478, 1295695552.0, 1295695562.0), ('153', 39.97888357142857, 116.4624857142857, 1295695680.0, 1295695687.0), 607.9765002816895)
('39.97467680863827_116.46209597698409_1295695200', ('163', 39.97786966666667, 116.4621505, 1295695639.0, 1295695659.0), ('153', 39.974979555555564, 116.467478, 1295695552.0, 1295695562.0), 556.3675121583117)
('39.97467680863827_116.46209597698409_1295695200', ('153', 39.974979555555564, 116.467478, 1295695552.0, 1295695562.0), ('163', 39.97888357142857, 116.4624857142857, 1295695680.0, 1295695687.0), 607.9765002816895)
('23.467478248350325_120.72144024394788_1337010000', ('163', 23.463125910499997, 120.72721547500001, 1337010121.0, 1337010123.0), ('153', 23.46370903125, 120.72196849783336, 1337010215.0, 1337010234.0), 539.2781180274787)
('23.467478248350325_120.72144024394788_1337010000', ('153', 23.463125910499997, 120.72721547500001, 1337010121.0, 1337010123.0), ('163', 23.46370903125, 120.72196849783336, 1337010215.0, 1337010234.0), 539.2781180274787)
('39.97467680863827_116.32771337322528_1225025400', ('004', 39.975271555555565, 116.33354555555555, 1225025828.0, 1225025858.0), ('085', 39.9761503076923, 116.32779223076925, 1225025612.0, 1225025636.0), 500.043837579645)
('39.97467680863827_116.33355609512783_1225117200', ('084', 39.975655956521734, 116.33421552173913, 1225117659.0, 1225117761.0), ('007', 39.978038000000005, 116.33937066666668, 1225117482.0, 1225117492.0), 513.1043315747011)
('39.9836750089982_116.3101852075176_1228488000', ('012', 39.98792108333333, 116.31576233333334, 1228488093.0, 1228488126.0), ('062', 39.98400859090909, 116.31052207272728, 1228488178.0, 1228488198.0), 623.568026150213)
('39.9836750089982_116.30434248561505_1237630200', ('038', 39.9881733, 116.30509493333334, 1237630565.0, 1237630571.0), ('039', 39.98417942105264, 116.3098122105263, 1237630201.0, 1237630286.0), 599.1435922310526)
('39.9836750089982_116.30434248561505_1237630200', ('038', 39.988161033333334, 116.3050133, 1237630577.0, 1237630586.0), ('039', 39.98417942105264, 116.3098122105263, 1237630201.0, 1237630286.0), 602.8308131377051)
('39.97467680863827_116.32771337322528_1252952400', ('085', 39.97858157142856, 116.33343014285715, 1252952886.0, 1252952892.0), ('140', 39.9754844, 116.32829240000001, 1252952496.0, 1252952516.0), 557.1819184750404)
('39.97467680863827_116.33355609512783_1228998000', ('007', 39.97858325925926, 116.33878370370368, 1228998331.0, 1228998451.0), ('004', 39.97510366666665, 116.33390788888889, 1228998175.0, 1228998250.0), 567.9035163791699)
('39.97467680863827_116.33355609512783_1228998000', ('007', 39.97858325925926, 116.33878370370368, 1228998331.0, 1228998451.0), ('003', 39.975089555555556, 116.33383233333332, 1228998174.0, 1228998249.0), 573.6952429829508)
('40.00617050989802_116.32187065132273_1234515000', ('030', 40.0062326, 116.32585960000002, 1234515440.0, 1234515460.0), ('004', 40.01036810526316, 116.32212205263158, 1234515518.0, 1234515598.0), 559.4529922151011)
('39.979175908818235_116.33939881703039_1225466400', ('007', 39.983097, 116.345216, 1225466466.0, 1225466466.0), ('005', 39.979878392405055, 116.34059126582278, 1225466402.0, 1225466777.0), 532.480007151174)
('39.97017770845831_116.32771337322528_1236589800', ('022', 39.97329, 116.33350850000002, 1236589876.0, 1236589902.0), ('085', 39.974144, 116.32773033333332, 1236590375.0, 1236590395.0), 501.6060588198361)
('39.97017770845831_116.32771337322528_1236589800', ('022', 39.97329, 116.33350850000002, 1236589876.0, 1236589902.0), ('085', 39.970934785714284, 116.32781785714283, 1236590290.0, 1236590350.0), 551.2998060031879)
('39.992673209358124_116.36861242654318_1234971600', ('014', 39.99669402222222, 116.37417957777777, 1234972114.0, 1234972133.0), ('024', 39.99345066666667, 116.36901833333333, 1234971835.0, 1234971845.0), 568.8369379036076)
('39.979175908818235_116.29265704180993_1235144400', ('034', 39.980515374999996, 116.298313675, 1235144403.0, 1235144414.0), ('041', 39.982828127272725, 116.2932529818182, 1235144855.0, 1235144990.0), 502.20998635893187)
('39.90719030593881_116.42703964556874_1235546400', ('037', 39.9115099, 116.4275033, 1235546581.0, 1235546581.0), ('042', 39.9071916, 116.4297833, 1235546967.0, 1235546967.0), 518.2207186192769)
('35.875996544691056_94.35323629770967_1222965000', ('010', 35.875959, 94.353205, 1222965517.0, 1222965517.0), ('124', 35.875955, 94.347428, 1222965498.0, 1222965498.0), 520.6705573994308)
('39.97017770845831_116.32771337322528_1226143200', ('015', 39.974269125, 116.33327587500003, 1226143221.0, 1226143461.0), ('085', 39.97046866666667, 116.32774099999999, 1226143515.0, 1226143519.0), 633.4760619381019)
('39.97017770845831_116.32771337322528_1226143200', ('015', 39.974568, 116.33324480000002, 1226143586.0, 1226143606.0), ('085', 39.97046866666667, 116.32774099999999, 1226143515.0, 1226143519.0), 654.2244119945362)
('39.97017770845831_116.32771337322528_1226143200', ('085', 39.973118, 116.327723, 1226143455.0, 1226143455.0), ('015', 39.974354500000004, 116.33350250000001, 1226143201.0, 1226143206.0), 511.4815561490883)
('39.97017770845831_116.32771337322528_1226143200', ('015', 39.974354500000004, 116.33350250000001, 1226143201.0, 1226143206.0), ('085', 39.97046866666667, 116.32774099999999, 1226143515.0, 1226143519.0), 654.2262001091863)
('40.00167140971805_116.31602792942016_1227024000', ('012', 40.0059783, 116.31606946666666, 1227024120.0, 1227024192.0), ('000', 40.00191866666667, 116.32155333333333, 1227024001.0, 1227024011.0), 649.7766730713167)
('40.00167140971805_116.31602792942016_1227024000', ('012', 40.00603463157895, 116.31606947368422, 1227024024.0, 1227024066.0), ('000', 40.00191866666667, 116.32155333333333, 1227024001.0, 1227024011.0), 654.1459131626626)
('40.00167140971805_116.31602792942016_1227024000', ('000', 40.00191866666667, 116.32155333333333, 1227024001.0, 1227024011.0), ('012', 40.00611930303031, 116.31605648484849, 1227024276.0, 1227024354.0), 661.5543346044731)
('40.069157912417516_116.3101852075176_1245733200', ('128', 40.073286512500005, 116.31143201875001, 1245733389.0, 1245733449.0), ('155', 40.0695592, 116.3148448, 1245733767.0, 1245733795.0), 506.22824336216)
('39.98817410917816_116.2984997637125_1238745600', ('025', 39.98824411666667, 116.30322303333332, 1238745813.0, 1238745951.0), ('004', 39.99112933333333, 116.29855666666667, 1238745766.0, 1238745776.0), 511.0089880961356)
('25.75302113977204_110.13442815651521_1293270000', ('153', 25.749672, 110.128587, 1293270164.0, 1293270164.0), ('163', 25.753003, 110.134408, 1293270403.0, 1293270403.0), 690.912041249982)
('25.75302113977204_110.13442815651521_1293270000', ('153', 25.753003, 110.134408, 1293270403.0, 1293270403.0), ('163', 25.749672, 110.128587, 1293270164.0, 1293270164.0), 690.912041249982)
('25.75302113977204_110.13442815651521_1293270000', ('153', 25.753003, 110.134408, 1293270403.0, 1293270403.0), ('163', 25.7497712, 110.12886266666665, 1293270000.0, 1293270070.0), 661.7071723626938)
('25.75302113977204_110.13442815651521_1293270000', ('153', 25.7497712, 110.12886266666665, 1293270000.0, 1293270070.0), ('163', 25.753003, 110.134408, 1293270403.0, 1293270403.0), 661.7071723626938)
('39.979175908818235_116.32771337322528_1334257200', ('159', 39.97942086021504, 116.33329188172051, 1334257378.0, 1334257553.0), ('071', 39.983567023809535, 116.32991476190487, 1334257204.0, 1334257269.0), 543.6282578108562)
('22.315708602279543_114.16590626927932_1336572600', ('153', 22.311675626999996, 114.16554157493749, 1336573049.0, 1336573103.0), ('163', 22.31349682184001, 114.16061428252, 1336573151.0, 1336573175.0), 545.9953983162317)
('22.315708602279543_114.16590626927932_1336572600', ('153', 22.31349682184001, 114.16061428252, 1336573151.0, 1336573175.0), ('163', 22.311675626999996, 114.16554157493749, 1336573049.0, 1336573103.0), 545.9953983162317)
('39.97467680863827_116.30434248561505_1314727200', ('075', 39.97872484848485, 116.30991181818182, 1314727740.0, 1314727761.0), ('020', 39.975180333333356, 116.305129, 1314727757.0, 1314727761.0), 567.1244253772287)
('39.97467680863827_116.30434248561505_1314727200', ('055', 39.97872484848485, 116.30991181818182, 1314727740.0, 1314727761.0), ('020', 39.975180333333356, 116.305129, 1314727757.0, 1314727761.0), 567.1244253772287)
('39.97467680863827_116.30434248561505_1314727200', ('075', 39.9790916666667, 116.309415, 1314727708.0, 1314727708.0), ('020', 39.975180333333356, 116.305129, 1314727757.0, 1314727761.0), 568.0958066566534)
('39.97467680863827_116.30434248561505_1314727200', ('020', 39.975180333333356, 116.305129, 1314727757.0, 1314727761.0), ('055', 39.9790916666667, 116.309415, 1314727708.0, 1314727708.0), 568.0958066566534)
('39.97467680863827_116.32771337322528_1234707000', ('023', 39.9751366, 116.3333596, 1234707336.0, 1234707356.0), ('044', 39.97851175862068, 116.32834341379308, 1234707054.0, 1234707184.0), 568.9866290331342)
('39.97467680863827_116.32771337322528_1234707000', ('044', 39.97851175862068, 116.32834341379308, 1234707054.0, 1234707184.0), ('023', 39.97564638461539, 116.33323569230771, 1234707221.0, 1234707306.0), 524.8477591197772)
('39.9836750089982_116.31602792942016_1226478600', ('012', 39.988079895833316, 116.31707056249996, 1226478872.0, 1226478996.0), ('014', 39.9844116125, 116.32112015, 1226478645.0, 1226478660.0), 534.4081394205707)
('39.98817410917816_116.29265704180993_1239675000', ('000', 39.99223633333333, 116.29839066666666, 1239675110.0, 1239675120.0), ('003', 39.988819, 116.293154, 1239675360.0, 1239675365.0), 586.2025337663895)
('39.98817410917816_116.29265704180993_1239675000', ('000', 39.99223633333333, 116.29839066666666, 1239675110.0, 1239675120.0), ('004', 39.989098, 116.293088, 1239675358.0, 1239675363.0), 571.012483126308)
('39.98817410917816_116.29265704180993_1239675000', ('000', 39.99223633333333, 116.29839066666666, 1239675110.0, 1239675120.0), ('030', 39.98903869230769, 116.29307676923078, 1239675355.0, 1239675367.0), 575.8215033844016)
('39.98817410917816_116.29265704180993_1239675000', ('030', 39.992181461538465, 116.29840723076926, 1239675110.0, 1239675123.0), ('000', 39.988819, 116.293154, 1239675360.0, 1239675365.0), 583.3461879102833)
('39.98817410917816_116.29265704180993_1239675000', ('030', 39.992181461538465, 116.29840723076926, 1239675110.0, 1239675123.0), ('003', 39.988819, 116.293154, 1239675360.0, 1239675365.0), 583.3461879102833)
('39.98817410917816_116.29265704180993_1239675000', ('030', 39.992181461538465, 116.29840723076926, 1239675110.0, 1239675123.0), ('004', 39.989098, 116.293088, 1239675358.0, 1239675363.0), 568.4270504141626)
('39.98817410917816_116.29265704180993_1239675000', ('000', 39.988819, 116.293154, 1239675360.0, 1239675365.0), ('004', 39.99233866666667, 116.29834466666667, 1239675108.0, 1239675118.0), 590.7050831365095)
('39.98817410917816_116.29265704180993_1239675000', ('000', 39.988819, 116.293154, 1239675360.0, 1239675365.0), ('003', 39.99223633333333, 116.29839066666666, 1239675110.0, 1239675120.0), 586.2025337663895)
('39.98817410917816_116.29265704180993_1239675000', ('004', 39.99233866666667, 116.29834466666667, 1239675108.0, 1239675118.0), ('003', 39.988819, 116.293154, 1239675360.0, 1239675365.0), 590.7050831365095)
('39.98817410917816_116.29265704180993_1239675000', ('004', 39.99233866666667, 116.29834466666667, 1239675108.0, 1239675118.0), ('030', 39.98903869230769, 116.29307676923078, 1239675355.0, 1239675367.0), 579.8806746604764)
('39.98817410917816_116.29265704180993_1239675000', ('003', 39.99223633333333, 116.29839066666666, 1239675110.0, 1239675120.0), ('004', 39.989098, 116.293088, 1239675358.0, 1239675363.0), 571.012483126308)
('39.98817410917816_116.29265704180993_1239675000', ('003', 39.99223633333333, 116.29839066666666, 1239675110.0, 1239675120.0), ('030', 39.98903869230769, 116.29307676923078, 1239675355.0, 1239675367.0), 575.8215033844016)
('39.98817410917816_116.29265704180993_1239624000', ('030', 39.9887445, 116.2930010625, 1239624355.0, 1239624373.0), ('003', 39.99245989999999, 116.29833390000002, 1239624068.0, 1239624108.0), 614.2623857754386)
('39.98817410917816_116.29265704180993_1239624000', ('030', 39.9887445, 116.2930010625, 1239624355.0, 1239624373.0), ('004', 39.992434, 116.2983195, 1239624068.0, 1239624108.0), 611.4177665704381)
('39.98817410917816_116.29265704180993_1239624000', ('030', 39.9887445, 116.2930010625, 1239624355.0, 1239624373.0), ('000', 39.99245989999999, 116.29833390000002, 1239624068.0, 1239624108.0), 614.2623857754386)
('39.98817410917816_116.29265704180993_1239624000', ('000', 39.9885895, 116.293081, 1239624358.0, 1239624373.0), ('003', 39.99245989999999, 116.29833390000002, 1239624068.0, 1239624108.0), 621.064028198628)
('39.98817410917816_116.29265704180993_1239624000', ('000', 39.9885895, 116.293081, 1239624358.0, 1239624373.0), ('004', 39.992434, 116.2983195, 1239624068.0, 1239624108.0), 618.183882610072)
('39.98817410917816_116.29265704180993_1239624000', ('000', 39.9885895, 116.293081, 1239624358.0, 1239624373.0), ('030', 39.992143666666664, 116.29839816666666, 1239624090.0, 1239624109.0), 601.3371790161615)
('39.98817410917816_116.29265704180993_1239624000', ('003', 39.99245989999999, 116.29833390000002, 1239624068.0, 1239624108.0), ('004', 39.988688333333336, 116.29300066666667, 1239624358.0, 1239624368.0), 618.5077117973136)
('39.98817410917816_116.29265704180993_1239624000', ('004', 39.992434, 116.2983195, 1239624068.0, 1239624108.0), ('003', 39.9885895, 116.293081, 1239624358.0, 1239624373.0), 618.183882610072)
('39.98817410917816_116.29265704180993_1239624000', ('000', 39.99245989999999, 116.29833390000002, 1239624068.0, 1239624108.0), ('003', 39.9885895, 116.293081, 1239624358.0, 1239624373.0), 621.064028198628)
('39.98817410917816_116.29265704180993_1239624000', ('000', 39.99245989999999, 116.29833390000002, 1239624068.0, 1239624108.0), ('004', 39.988688333333336, 116.29300066666667, 1239624358.0, 1239624368.0), 618.5077117973136)
('39.98817410917816_116.29265704180993_1239624000', ('003', 39.9885895, 116.293081, 1239624358.0, 1239624373.0), ('030', 39.992143666666664, 116.29839816666666, 1239624090.0, 1239624109.0), 601.3371790161615)
('39.98817410917816_116.29265704180993_1239624000', ('004', 39.988688333333336, 116.29300066666667, 1239624358.0, 1239624368.0), ('030', 39.992143666666664, 116.29839816666666, 1239624090.0, 1239624109.0), 599.4047354482393)
('39.98817410917816_116.30434248561505_1238860200', ('037', 39.99090828928571, 116.309808575, 1238860402.0, 1238860488.0), ('025', 39.98821386666666, 116.30482666666667, 1238860276.0, 1238860280.0), 519.6825694304284)
('40.00167140971805_116.31602792942016_1236005400', ('003', 40.005500999999995, 116.316209, 1236005683.0, 1236005688.0), ('015', 40.003803705882355, 116.32164382352941, 1236005934.0, 1236005999.0), 500.0600432719873)
('39.9836750089982_116.3101852075176_1228314600', ('014', 39.98444949333332, 116.31114862, 1228314809.0, 1228315039.0), ('012', 39.98796660000001, 116.315763, 1228315076.0, 1228315111.0), 554.7017417039142)
('39.97467680863827_116.27512887610227_1211641800', ('112', 39.97486106666667, 116.28055826666666, 1211642347.0, 1211642351.0), ('145', 39.97765, 116.275516, 1211642206.0, 1211642221.0), 530.0449496451686)
('39.98817410917816_116.2984997637125_1223220000', ('062', 39.988247769230775, 116.30374967692306, 1223220539.0, 1223220563.0), ('104', 39.9910258, 116.29851074999999, 1223220382.0, 1223220384.0), 542.9625503025617)
('39.98817410917816_116.2984997637125_1223220000', ('062', 39.98865161333333, 116.30365893333335, 1223220571.0, 1223220599.0), ('104', 39.9910258, 116.29851074999999, 1223220382.0, 1223220384.0), 512.0736256024354)
('39.98817410917816_116.2984997637125_1223220000', ('104', 39.9910258, 116.29851074999999, 1223220382.0, 1223220384.0), ('062', 39.98836185, 116.30391935714286, 1223220509.0, 1223220535.0), 547.948853266556)
('39.97017770845831_116.32771337322528_1226752200', ('015', 39.974322799999996, 116.33285459999999, 1226752476.0, 1226752496.0), ('008', 39.971811599999995, 116.32787068000003, 1226752398.0, 1226752422.0), 508.43126245631186)
('39.97017770845831_116.32771337322528_1226752200', ('015', 39.97463975, 116.3328135, 1226752781.0, 1226752791.0), ('008', 39.971811599999995, 116.32787068000003, 1226752398.0, 1226752422.0), 525.8083721693047)
('39.97017770845831_116.32771337322528_1226752200', ('008', 39.971811599999995, 116.32787068000003, 1226752398.0, 1226752422.0), ('015', 39.97465, 116.33300399999999, 1226752766.0, 1226752771.0), 539.5738963481222)
('39.97017770845831_116.32771337322528_1226752200', ('008', 39.971811599999995, 116.32787068000003, 1226752398.0, 1226752422.0), ('015', 39.97437985294117, 116.33300355882352, 1226752506.0, 1226752671.0), 522.5297025352098)
('39.99717230953809_116.31602792942016_1232002200', ('167', 40.000902875, 116.321782625, 1232002234.0, 1232002269.0), ('030', 39.99738850000001, 116.31789975, 1232002200.0, 1232002212.0), 512.1217025126144)
('39.99717230953809_116.31602792942016_1232002200', ('126', 40.000902875, 116.321782625, 1232002234.0, 1232002269.0), ('030', 39.99738850000001, 116.31789975, 1232002200.0, 1232002212.0), 512.1217025126144)
('39.98817410917816_116.29265704180993_1235638800', ('004', 39.988825999999996, 116.29299350000001, 1235639090.0, 1235639105.0), ('015', 39.992303500000006, 116.298492, 1235638801.0, 1235638802.0), 607.60060339167)
('39.98817410917816_116.29265704180993_1235638800', ('004', 39.991875, 116.29842333333333, 1235638800.0, 1235638810.0), ('015', 39.98885076470589, 116.29301511764707, 1235639089.0, 1235639108.0), 570.5856536258051)
('39.9836750089982_116.3101852075176_1226298600', ('062', 39.984419537499996, 116.310445575, 1226298677.0, 1226298691.0), ('012', 39.98797866666667, 116.31565888888889, 1226298861.0, 1226298877.0), 595.0840660720047)
('39.86669840431913_116.25175798849205_1246854000', ('036', 39.866864, 116.25724525000001, 1246854470.0, 1246854473.0), ('041', 39.87107496666667, 116.2519483, 1246854463.0, 1246854465.0), 651.054042624026)
('24.587754193161366_117.0522108891423_1324315800', ('153', 24.587523996500003, 117.05787917974999, 1324316000.0, 1324316035.0), ('163', 24.585907009120007, 117.05276417344, 1324316303.0, 1324316398.0), 547.7287271750015)
('24.587754193161366_117.0522108891423_1324315800', ('163', 24.587523996500003, 117.05787917974999, 1324316000.0, 1324316035.0), ('153', 24.585907009120007, 117.05276417344, 1324316303.0, 1324316398.0), 547.7287271750015)
('40.00617050989802_116.32187065132273_1237922400', ('044', 40.009631117647054, 116.32235232352937, 1237922403.0, 1237922718.0), ('004', 40.006194, 116.32713, 1237922544.0, 1237922544.0), 558.4317323462207)
('39.96567860827834_116.2984997637125_1236511800', ('004', 39.96583400000001, 116.30153947499998, 1236511820.0, 1236512012.0), ('038', 39.97010773333333, 116.3043133, 1236512313.0, 1236512317.0), 530.9301622238012)
('39.97467680863827_116.33355609512783_1237745400', ('036', 39.97844751724138, 116.33896737931033, 1237745755.0, 1237745895.0), ('082', 39.97544636363637, 116.33368345454545, 1237745953.0, 1237745998.0), 560.6031269563435)
('39.97467680863827_116.33355609512783_1237745400', ('036', 39.976768, 116.339352, 1237745995.0, 1237745995.0), ('082', 39.97544636363637, 116.33368345454545, 1237745953.0, 1237745998.0), 505.0371978834283)
('39.97467680863827_116.32771337322528_1228726200', ('096', 39.97538831578945, 116.3286855, 1228726724.0, 1228726798.0), ('016', 39.978704666666665, 116.33328916666666, 1228726524.0, 1228726564.0), 538.5585560646102)
('30.607550233953205_121.11290261141919_1317420000', ('055', 30.60321833333332, 121.11848233333339, 1317420559.0, 1317420566.0), ('075', 30.60606712121213, 121.11308606060601, 1317420367.0, 1317420387.0), 606.0513378428853)
('30.607550233953205_121.11290261141919_1317420000', ('055', 30.60606712121213, 121.11308606060601, 1317420367.0, 1317420387.0), ('075', 30.60321833333332, 121.11848233333339, 1317420559.0, 1317420566.0), 606.0513378428853)
('39.97467680863827_116.32771337322528_1236664800', ('040', 39.9782465, 116.32795275, 1236665263.0, 1236665278.0), ('028', 39.975269100000006, 116.33349209999999, 1236664828.0, 1236664863.0), 576.7190388483467)
('39.97467680863827_116.32771337322528_1236664800', ('040', 39.9782465, 116.32795275, 1236665263.0, 1236665278.0), ('028', 39.97482668181819, 116.3327290909091, 1236664973.0, 1236665078.0), 557.1696304227677)
('40.00167140971805_116.31602792942016_1227023400', ('004', 40.00266111764705, 116.32157047058823, 1227023474.0, 1227023554.0), ('012', 40.006073, 116.3160371111111, 1227023928.0, 1227023946.0), 605.2176848050836)
('40.00167140971805_116.31602792942016_1227023400', ('004', 40.00266111764705, 116.32157047058823, 1227023474.0, 1227023554.0), ('012', 40.0060747, 116.31603179999999, 1227023955.0, 1227023977.0), 605.6887641285219)
('40.00167140971805_116.31602792942016_1227023400', ('004', 40.00266111764705, 116.32157047058823, 1227023474.0, 1227023554.0), ('012', 40.005953, 116.316029, 1227023814.0, 1227023815.0), 597.4848925897834)
('40.00167140971805_116.31602792942016_1227023400', ('012', 40.006073, 116.3160371111111, 1227023928.0, 1227023946.0), ('000', 40.00429377777779, 116.32153725000002, 1227023821.0, 1227023996.0), 508.6896924446881)
('40.00167140971805_116.31602792942016_1227023400', ('012', 40.0060747, 116.31603179999999, 1227023955.0, 1227023977.0), ('000', 40.00429377777779, 116.32153725000002, 1227023821.0, 1227023996.0), 509.1801120718926)
('40.00167140971805_116.31602792942016_1227023400', ('000', 40.00429377777779, 116.32153725000002, 1227023821.0, 1227023996.0), ('012', 40.005953, 116.316029, 1227023814.0, 1227023815.0), 504.2904684136917)
('39.97467680863827_116.33355609512783_1236588600', ('022', 39.975024911764706, 116.33403123529409, 1236588815.0, 1236588929.0), ('036', 39.979102499999996, 116.33881500000001, 1236589192.0, 1236589197.0), 609.8891802659908)
('40.00617050989802_116.32187065132273_1224860400', ('009', 40.010512999999996, 116.32752433333333, 1224860895.0, 1224860897.0), ('126', 40.00657260526317, 116.32329539473686, 1224860683.0, 1224860757.0), 567.3681113646757)
('40.00167140971805_116.31602792942016_1227891600', ('167', 40.00175429411764, 116.31835223529411, 1227892167.0, 1227892199.0), ('096', 40.0058272, 116.32149966666667, 1227891690.0, 1227891718.0), 526.4495968895502)
('40.00167140971805_116.31602792942016_1227891600', ('126', 40.00175429411764, 116.31835223529411, 1227892167.0, 1227892199.0), ('096', 40.0058272, 116.32149966666667, 1227891690.0, 1227891718.0), 526.4495968895502)
('39.9836750089982_116.30434248561505_1226730600', ('062', 39.9837216, 116.30444548333332, 1226730623.0, 1226730633.0), ('005', 39.9848315, 116.31017925, 1226730830.0, 1226730840.0), 504.0226000642093)
('40.08715431313737_113.29534070579837_1304150400', ('163', 40.091066, 113.29525877777776, 1304150758.0, 1304150781.0), ('153', 40.087253, 113.29172207142858, 1304150540.0, 1304150632.0), 520.0510608406877)
('40.08715431313737_113.29534070579837_1304150400', ('163', 40.087253, 113.29172207142858, 1304150540.0, 1304150632.0), ('153', 40.091066, 113.29525877777776, 1304150758.0, 1304150781.0), 520.0510608406877)
('39.9836750089982_116.2984997637125_1235136000', ('037', 39.98384237380952, 116.30046057619049, 1235136517.0, 1235136599.0), ('025', 39.98750209999999, 116.30417411, 1235136582.0, 1235136599.0), 515.625463225865)
('39.97467680863827_116.33355609512783_1237476600', ('036', 39.97818916666666, 116.33936408333335, 1237476604.0, 1237476654.0), ('128', 39.975476762962955, 116.33387173148151, 1237476876.0, 1237477125.0), 556.9409895183278)
('39.97467680863827_116.33355609512783_1237476600', ('036', 39.9781325, 116.33938599999999, 1237476789.0, 1237476794.0), ('128', 39.975476762962955, 116.33387173148151, 1237476876.0, 1237477125.0), 555.1328602681008)
('39.97467680863827_116.33355609512783_1237476600', ('128', 39.975476762962955, 116.33387173148151, 1237476876.0, 1237477125.0), ('036', 39.97832785714286, 116.33927720000001, 1237476809.0, 1237476959.0), 559.330175610923)
('39.97017770845831_116.32771337322528_1238767200', ('085', 39.97080342857142, 116.32784499999997, 1238767283.0, 1238767373.0), ('022', 39.97356983333333, 116.33336200000001, 1238767200.0, 1238767225.0), 562.0010938770606)
('39.97017770845831_116.32771337322528_1238767200', ('085', 39.97080342857142, 116.32784499999997, 1238767283.0, 1238767373.0), ('022', 39.97385566666667, 116.33347466666667, 1238767675.0, 1238767685.0), 587.8318467160634)
('39.97467680863827_116.33355609512783_1237476000', ('153', 39.97536621052632, 116.33376657894735, 1237476006.0, 1237476101.0), ('036', 39.978165727272724, 116.3393939090909, 1237476029.0, 1237476074.0), 571.8642188401457)
('39.97467680863827_116.33355609512783_1237476000', ('153', 39.97536621052632, 116.33376657894735, 1237476006.0, 1237476101.0), ('036', 39.97814277777778, 116.33936077777778, 1237476564.0, 1237476599.0), 568.1060223785332)
('39.97467680863827_116.32771337322528_1239801000', ('028', 39.97496614814815, 116.32856992592593, 1239801002.0, 1239801132.0), ('000', 39.97862, 116.333334, 1239801298.0, 1239801298.0), 574.5156149516553)
('39.97467680863827_116.32771337322528_1239801000', ('028', 39.97496614814815, 116.32856992592593, 1239801002.0, 1239801132.0), ('003', 39.97862, 116.333334, 1239801298.0, 1239801298.0), 574.5156149516553)
('39.97467680863827_116.30434248561505_1319000400', ('065', 39.97719084205935, 116.30503044284485, 1319000631.0, 1319000873.0), ('102', 39.97476166666668, 116.31004666666675, 1319000971.0, 1319000986.0), 505.7869471710066)
('39.97467680863827_116.30434248561505_1319000400', ('102', 39.97476166666668, 116.31004666666675, 1319000971.0, 1319000986.0), ('065', 39.97837111111114, 116.30435166666666, 1319000873.0, 1319000873.0), 629.9344455432635)
('40.977976148770246_117.81760745837722_1281105000', ('163', 40.978524363636375, 117.82279272727273, 1281105203.0, 1281105214.0), ('153', 40.98188688888888, 117.81819577777777, 1281105272.0, 1281105280.0), 537.4861798947401)
('40.977976148770246_117.81760745837722_1281105000', ('163', 40.98188688888888, 117.81819577777777, 1281105272.0, 1281105280.0), ('153', 40.978524363636375, 117.82279272727273, 1281105203.0, 1281105214.0), 537.4861798947401)
('39.96567860827834_116.31602792942016_1236864000', ('028', 39.97016, 116.320968, 1236864134.0, 1236864134.0), ('144', 39.965781152000005, 116.31942201599998, 1236864414.0, 1236864464.0), 504.57380983517606)
('40.00617050989802_116.32187065132273_1210584000', ('081', 40.0106333333333, 116.325933333333, 1210584339.0, 1210584339.0), ('125', 40.0070666666667, 116.32205, 1210584165.0, 1210584165.0), 516.5699237991603)
('40.00617050989802_116.32187065132273_1210584000', ('081', 40.0106333333333, 116.325933333333, 1210584339.0, 1210584339.0), ('136', 40.0070666666667, 116.32205, 1210584165.0, 1210584165.0), 516.5699237991603)
('40.00617050989802_116.32187065132273_1210584000', ('125', 40.0070666666667, 116.32205, 1210584165.0, 1210584165.0), ('136', 40.0106333333333, 116.325933333333, 1210584339.0, 1210584339.0), 516.5699237991603)
('40.00617050989802_116.32187065132273_1210584000', ('125', 40.0106333333333, 116.325933333333, 1210584339.0, 1210584339.0), ('081', 40.0070666666667, 116.32205, 1210584165.0, 1210584165.0), 516.5699237991603)
('40.00617050989802_116.32187065132273_1210584000', ('125', 40.0106333333333, 116.325933333333, 1210584339.0, 1210584339.0), ('136', 40.0070666666667, 116.32205, 1210584165.0, 1210584165.0), 516.5699237991603)
('40.00617050989802_116.32187065132273_1210584000', ('081', 40.0070666666667, 116.32205, 1210584165.0, 1210584165.0), ('136', 40.0106333333333, 116.325933333333, 1210584339.0, 1210584339.0), 516.5699237991603)
('39.95668040791841_116.44456781127641_1234955400', ('024', 39.95770733333334, 116.449479, 1234955730.0, 1234955740.0), ('030', 39.96051781818182, 116.44471945454544, 1234955401.0, 1234955435.0), 512.2400058328285)
('39.9836750089982_116.29265704180993_1229611800', ('014', 39.983701358333334, 116.29789800833333, 1229612255.0, 1229612362.0), ('128', 39.98700993333333, 116.29337883333334, 1229612384.0, 1229612396.0), 532.7024632995872)
('24.587754193161366_117.05805361104485_1324314600', ('163', 24.587131734499998, 117.063860273, 1324315063.0, 1324315065.0), ('153', 24.587427526, 117.058712341, 1324315189.0, 1324315199.0), 521.7232199406085)
('24.587754193161366_117.05805361104485_1324314600', ('163', 24.587427526, 117.058712341, 1324315189.0, 1324315199.0), ('153', 24.587131734499998, 117.063860273, 1324315063.0, 1324315065.0), 521.7232199406085)
('39.979175908818235_116.3101852075176_1236441000', ('035', 39.97963375, 116.315344, 1236441001.0, 1236441016.0), ('025', 39.982075125, 116.31036494999998, 1236441001.0, 1236441039.0), 503.81576779773565)
('39.97467680863827_116.40951147986107_1221660000', ('062', 39.9747239, 116.4114180625, 1221660103.0, 1221660124.0), ('068', 39.97855911764706, 116.4146195882353, 1221660110.0, 1221660190.0), 506.4051279330104)
('39.97467680863827_116.40951147986107_1221660000', ('068', 39.97855911764706, 116.4146195882353, 1221660110.0, 1221660190.0), ('062', 39.97469662, 116.41138845, 1221660172.0, 1221660223.0), 510.3216332653421)
('39.9836750089982_116.30434248561505_1236775800', ('026', 39.98509430379747, 116.3094428227848, 1236776129.0, 1236776398.0), ('025', 39.988016625, 116.30440870000001, 1236776307.0, 1236776313.0), 538.2575111533695)
('39.97467680863827_116.30434248561505_1314679800', ('065', 39.9748383333333, 116.31017750000001, 1314680156.0, 1314680156.0), ('141', 39.97865648148152, 116.30502019675932, 1314679800.0, 1314679908.0), 611.2289432747492)
('39.97467680863827_116.30434248561505_1314679800', ('065', 39.9748383333333, 116.31017750000001, 1314680156.0, 1314680156.0), ('058', 39.97865648148152, 116.30502019675932, 1314679800.0, 1314679908.0), 611.2289432747492)
('39.97467680863827_116.30434248561505_1314679800', ('065', 39.9748383333333, 116.31017750000001, 1314680156.0, 1314680156.0), ('059', 39.97865648148152, 116.30502019675932, 1314679800.0, 1314679908.0), 611.2289432747492)
('39.9836750089982_116.30434248561505_1234981200', ('025', 39.98405464, 116.30523560000002, 1234981722.0, 1234981730.0), ('035', 39.98753325, 116.31007175, 1234981765.0, 1234981780.0), 565.3199065841325)
('39.9836750089982_116.30434248561505_1234981200', ('025', 39.98405464, 116.30523560000002, 1234981722.0, 1234981730.0), ('035', 39.986652, 116.310181, 1234981755.0, 1234981755.0), 510.9843503171446)
('39.9836750089982_116.3101852075176_1229323200', ('017', 39.984480158333334, 116.31163986666668, 1229323209.0, 1229323575.0), ('012', 39.98797822222222, 116.31563455555556, 1229323418.0, 1229323432.0), 517.0033522789116)
('39.98817410917816_116.29265704180993_1239364800', ('004', 39.98892625, 116.29311475, 1239365314.0, 1239365329.0), ('030', 39.992504, 116.29845650000001, 1239364977.0, 1239364983.0), 604.6388585667171)
('39.98817410917816_116.29265704180993_1239364800', ('000', 39.988687, 116.29312425, 1239365318.0, 1239365333.0), ('030', 39.992504, 116.29845650000001, 1239364977.0, 1239364983.0), 621.8850894548004)
('39.98817410917816_116.29265704180993_1239364800', ('030', 39.992504, 116.29845650000001, 1239364977.0, 1239364983.0), ('003', 39.988687, 116.29312425, 1239365318.0, 1239365333.0), 621.8850894548004)
('39.9836750089982_116.3101852075176_1228459200', ('003', 39.98449390476189, 116.31109854761901, 1228459597.0, 1228459797.0), ('012', 39.988001874999995, 116.315712875, 1228459328.0, 1228459341.0), 553.9821514405504)
('40.02416691061787_116.3101852075176_1235580000', ('026', 40.025528, 116.31025274999999, 1235580097.0, 1235580112.0), ('044', 40.02788366666667, 116.31557033333333, 1235580116.0, 1235580126.0), 523.2489346496313)
('39.97467680863827_116.32771337322528_1228809000', ('128', 39.9782849, 116.3335516, 1228809097.0, 1228809097.0), ('016', 39.97527969565216, 116.32883504347828, 1228809095.0, 1228809169.0), 522.8342114180908)
('39.97467680863827_116.33355609512783_1239613200', ('036', 39.975914, 116.339398, 1239613778.0, 1239613778.0), ('044', 39.97516233333334, 116.33358266666666, 1239613789.0, 1239613799.0), 502.6862141967672)
('39.97467680863827_116.33355609512783_1239613200', ('036', 39.975914, 116.339398, 1239613778.0, 1239613778.0), ('044', 39.974706000000005, 116.3336998, 1239613684.0, 1239613699.0), 503.94501120160083)
('39.9836750089982_116.30434248561505_1236957000', ('004', 39.98380395, 116.30744552500002, 1236957003.0, 1236957173.0), ('025', 39.98803471428572, 116.31014801428572, 1236957571.0, 1236957583.0), 523.9264415723368)
('39.97467680863827_116.3101852075176_1230745800', ('126', 39.974723, 116.31496059999999, 1230746270.0, 1230746315.0), ('167', 39.977545, 116.310373, 1230745997.0, 1230745997.0), 501.43143807624745)
('39.97467680863827_116.3101852075176_1230745800', ('126', 39.977545, 116.310373, 1230745997.0, 1230745997.0), ('167', 39.974723, 116.31496059999999, 1230746270.0, 1230746315.0), 501.43143807624745)
('39.97467680863827_116.3101852075176_1314627600', ('059', 39.977871602564115, 116.31029506410256, 1314627624.0, 1314627657.0), ('141', 39.974987085346186, 116.31543049114332, 1314628099.0, 1314628184.0), 542.7196007539402)
('39.97467680863827_116.3101852075176_1314627600', ('059', 39.977871602564115, 116.31029506410256, 1314627624.0, 1314627657.0), ('058', 39.974987085346186, 116.31543049114332, 1314628099.0, 1314628184.0), 542.7196007539402)
('39.97467680863827_116.3101852075176_1314627600', ('058', 39.977871602564115, 116.31029506410256, 1314627624.0, 1314627657.0), ('141', 39.974987085346186, 116.31543049114332, 1314628099.0, 1314628184.0), 542.7196007539402)
('39.97467680863827_116.3101852075176_1314627600', ('058', 39.977871602564115, 116.31029506410256, 1314627624.0, 1314627657.0), ('059', 39.974987085346186, 116.31543049114332, 1314628099.0, 1314628184.0), 542.7196007539402)
('39.97467680863827_116.3101852075176_1314627600', ('141', 39.974987085346186, 116.31543049114332, 1314628099.0, 1314628184.0), ('059', 39.97792, 116.310218888889, 1314627624.0, 1314627624.0), 551.1389483399313)
('39.97467680863827_116.3101852075176_1314627600', ('141', 39.974987085346186, 116.31543049114332, 1314628099.0, 1314628184.0), ('058', 39.97792, 116.310218888889, 1314627624.0, 1314627624.0), 551.1389483399313)
('39.97467680863827_116.3101852075176_1314627600', ('058', 39.974987085346186, 116.31543049114332, 1314628099.0, 1314628184.0), ('059', 39.97792, 116.310218888889, 1314627624.0, 1314627624.0), 551.1389483399313)
('39.97467680863827_116.3101852075176_1314627600', ('058', 39.974987085346186, 116.31543049114332, 1314628099.0, 1314628184.0), ('141', 39.97792, 116.310218888889, 1314627624.0, 1314627624.0), 551.1389483399313)
('39.97467680863827_116.3101852075176_1314627600', ('058', 39.974987085346186, 116.31543049114332, 1314628099.0, 1314628184.0), ('141', 39.977871602564115, 116.31029506410256, 1314627624.0, 1314627657.0), 542.7196007539402)
('39.97467680863827_116.3101852075176_1314627600', ('059', 39.974987085346186, 116.31543049114332, 1314628099.0, 1314628184.0), ('141', 39.97792, 116.310218888889, 1314627624.0, 1314627624.0), 551.1389483399313)
('39.97467680863827_116.3101852075176_1314627600', ('059', 39.974987085346186, 116.31543049114332, 1314628099.0, 1314628184.0), ('141', 39.977871602564115, 116.31029506410256, 1314627624.0, 1314627657.0), 542.7196007539402)
('39.97467680863827_116.3101852075176_1314627600', ('059', 39.974987085346186, 116.31543049114332, 1314628099.0, 1314628184.0), ('058', 39.97792, 116.310218888889, 1314627624.0, 1314627624.0), 551.1389483399313)
('39.9836750089982_116.2984997637125_1236940800', ('037', 39.98408826666667, 116.30130550000001, 1236941222.0, 1236941242.0), ('026', 39.988122749999995, 116.30417875, 1236941382.0, 1236941397.0), 511.2168635276731)
('39.9836750089982_116.2984997637125_1223220600', ('062', 39.98761167874999, 116.30370685749999, 1223220945.0, 1223221107.0), ('104', 39.98436852857143, 116.29906254285716, 1223220600.0, 1223220625.0), 535.532225380664)
('40.069157912417516_116.3101852075176_1237632600', ('128', 40.073297600000004, 116.3114337647059, 1237632858.0, 1237632918.0), ('026', 40.069774, 116.315745, 1237632600.0, 1237632600.0), 536.9078080437635)
('25.267118320335932_110.28049620407913_1293433800', ('153', 25.2646725882353, 110.27979479411765, 1293433823.0, 1293433873.0), ('163', 25.262631857142857, 110.27507328571429, 1293434274.0, 1293434281.0), 526.3973047103603)
('25.267118320335932_110.28049620407913_1293433800', ('163', 25.2646725882353, 110.27979479411765, 1293433823.0, 1293433873.0), ('153', 25.262631857142857, 110.27507328571429, 1293434274.0, 1293434281.0), 526.3973047103603)
('39.9836750089982_116.30434248561505_1214742600', ('052', 39.98382517647059, 116.30454399999998, 1214742897.0, 1214742977.0), ('174', 39.986741666666695, 116.30951666666675, 1214742905.0, 1214742961.0), 533.7040104344891)
