('39.906290485902815_116.36861242654318_1255293300', ('151', 39.9064554, 116.36864399999999, 1255293433.0, 1255293453.0), ('121', 39.906993, 116.369684, 1255293394.0, 1255293394.0), 107.00380805407518)
('40.2338249790042_116.52052319600965_1251913800', ('049', 40.234509, 116.52166, 1251914005.0, 1251914005.0), ('048', 40.233872, 116.520725, 1251914001.0, 1251914001.0), 106.41293533396633)
('40.01156943011397_116.3207021069422_1225776300', ('005', 40.011633, 116.32083, 1225776417.0, 1225776417.0), ('004', 40.01233766666667, 116.32158266666666, 1225776586.0, 1225776596.0), 101.266710581977)
('40.01156943011397_116.3207021069422_1225776300', ('005', 40.011633, 116.32083, 1225776417.0, 1225776417.0), ('004', 40.0124105, 116.3216425, 1225776526.0, 1225776531.0), 110.77092138150066)
('40.00527068986202_116.3207021069422_1210961400', ('126', 40.0061599, 116.3208333, 1210961510.0, 1210961510.0), ('129', 40.0053333333333, 116.321366666667, 1210961491.0, 1210961491.0), 102.55632337884552)
('40.003471049790036_116.40133166919749_1228066500', ('084', 40.004348500000006, 116.4017225, 1228066502.0, 1228066507.0), ('085', 40.00351679999999, 116.4023458, 1228066548.0, 1228066566.0), 106.6694380945146)
('39.906290485902815_116.51000629658505_1232216100', ('030', 39.907183, 116.510029, 1232216101.0, 1232216101.0), ('004', 39.906541, 116.511164, 1232216104.0, 1232216104.0), 120.32308204837628)
('39.98457482903419_116.33238755074733_1224056700', ('167', 39.9854548, 116.33301220000001, 1224056730.0, 1224056748.0), ('126', 39.98457875, 116.33332, 1224056836.0, 1224056842.0), 100.91214101648191)
('39.98457482903419_116.33238755074733_1224056700', ('167', 39.98457875, 116.33332, 1224056836.0, 1224056842.0), ('126', 39.9854548, 116.33301220000001, 1224056730.0, 1224056748.0), 100.91214101648191)
('39.97017770845831_116.42236546804669_1222950300', ('126', 39.971056000000004, 116.422443, 1222950384.0, 1222950386.0), ('167', 39.970261421052626, 116.42341036842106, 1222950314.0, 1222950350.0), 120.87661607105836)
('39.97017770845831_116.42236546804669_1222950300', ('126', 39.970261421052626, 116.42341036842106, 1222950314.0, 1222950350.0), ('167', 39.971056000000004, 116.422443, 1222950384.0, 1222950386.0), 120.87661607105836)
('40.047562231553684_116.32654482884477_1211559600', ('125', 40.048425, 116.327665, 1211559622.0, 1211559622.0), ('081', 40.047855, 116.32674966666666, 1211559750.0, 1211559755.0), 100.46883359276343)
('40.047562231553684_116.32654482884477_1211559600', ('125', 40.047855, 116.32674966666666, 1211559750.0, 1211559755.0), ('081', 40.048425, 116.327665, 1211559622.0, 1211559622.0), 100.46883359276343)
('40.00167140971805_116.32537628446426_1237819200', ('044', 40.002520266666664, 116.32630053333331, 1237819434.0, 1237819499.0), ('004', 40.001711, 116.325754, 1237819360.0, 1237819360.0), 101.34650933811028)
('24.45458082783443_118.05715905638205_1324494900', ('163', 24.454117521318178, 118.05814335581817, 1324494939.0, 1324495044.0), ('153', 24.454558956, 118.05721346, 1324495124.0, 1324495124.0), 106.18730607673304)
('32.98667440911817_114.02801803237898_1210055400', ('128', 32.9857891, 114.0280041, 1210055621.0, 1210055623.0), ('153', 32.98579661111111, 114.02690957777779, 1210055683.0, 1210055699.0), 102.1225663656633)
('32.98667440911817_114.02801803237898_1210055400', ('153', 32.9857891, 114.0280041, 1210055621.0, 1210055623.0), ('128', 32.98579661111111, 114.02690957777779, 1210055683.0, 1210055699.0), 102.1225663656633)
('39.972877168566285_116.33355609512783_1239186300', ('026', 39.973166153846144, 116.33361500000001, 1239186551.0, 1239186597.0), ('044', 39.973751, 116.334723, 1239186523.0, 1239186523.0), 114.68156371617482)
('39.972877168566285_116.33355609512783_1239186300', ('026', 39.973166153846144, 116.33361500000001, 1239186551.0, 1239186597.0), ('044', 39.9737435, 116.334672, 1239186508.0, 1239186513.0), 110.64248637168072)
('39.972877168566285_116.33355609512783_1239186300', ('044', 39.973751, 116.334723, 1239186523.0, 1239186523.0), ('026', 39.97329052631579, 116.33370936842103, 1239186431.0, 1239186497.0), 100.44216580668301)
('39.91078958608278_116.36744388216266_1222606200', ('011', 39.9107933, 116.3674716, 1222606391.0, 1222606391.0), ('088', 39.9116566, 116.3679483, 1222606342.0, 1222606342.0), 104.28264859112996)
('39.91078958608278_116.36744388216266_1222606200', ('088', 39.9107933, 116.3674716, 1222606391.0, 1222606391.0), ('011', 39.9116566, 116.3679483, 1222606342.0, 1222606342.0), 104.28264859112996)
('39.91078958608278_116.36744388216266_1222606200', ('088', 39.9116566, 116.3679483, 1222606342.0, 1222606342.0), ('011', 39.9107916, 116.3674733, 1222606403.0, 1222606403.0), 104.40040500879873)
('39.9836750089982_116.299668308093_1212847500', ('125', 39.98434915384616, 116.29968061538463, 1212847543.0, 1212847567.0), ('081', 39.983677, 116.300613, 1212847669.0, 1212847669.0), 109.10620154738213)
('37.37149744451109_-121.92913745799133_1289004600', ('163', 37.37139225, -121.929495, 1289004713.0, 1289004716.0), ('153', 37.370661, -121.93024, 1289004738.0, 1289004738.0), 104.65484003160459)
('39.972877168566285_116.33238755074733_1239176100', ('044', 39.9729176, 116.3334978, 1239176205.0, 1239176290.0), ('043', 39.973602, 116.332653, 1239176158.0, 1239176163.0), 104.78889922551713)
('39.972877168566285_116.33238755074733_1239176100', ('044', 39.97294866666667, 116.33346366666667, 1239176145.0, 1239176155.0), ('043', 39.973602, 116.332653, 1239176158.0, 1239176163.0), 100.27945395736873)
('39.96837806838632_116.299668308093_1231675500', ('022', 39.9685655, 116.300821, 1231675723.0, 1231675725.0), ('023', 39.969233333333335, 116.29990055555567, 1231675763.0, 1231675773.0), 108.04889838300784)
('39.97647644871026_116.3300504619863_1299772500', ('059', 39.9765216666667, 116.331155, 1299772598.0, 1299772598.0), ('058', 39.9773533333333, 116.330141666667, 1299772683.0, 1299772683.0), 126.5604653857145)
('39.98727428914217_116.44690490003744_1287443700', ('153', 39.987593714285715, 116.4480132857143, 1287443891.0, 1287443921.0), ('163', 39.98800266666667, 116.44693633333333, 1287443704.0, 1287443709.0), 102.43412399709602)
('39.98727428914217_116.44690490003744_1287443700', ('163', 39.98800266666667, 116.44693633333333, 1287443704.0, 1287443709.0), ('153', 39.9874885, 116.4480375, 1287443865.0, 1287443870.0), 109.89748912974206)
('39.98727428914217_116.44690490003744_1287443700', ('153', 39.98800266666667, 116.44693633333333, 1287443704.0, 1287443709.0), ('163', 39.9874885, 116.4480375, 1287443865.0, 1287443870.0), 109.89748912974206)
('39.98727428914217_116.44690490003744_1287443700', ('153', 39.98800266666667, 116.44693633333333, 1287443704.0, 1287443709.0), ('163', 39.987593714285715, 116.4480132857143, 1287443891.0, 1287443921.0), 102.43412399709602)
('39.98997374925015_116.32888191760578_1235404500', ('004', 39.990024999999996, 116.32905714285714, 1235404605.0, 1235404630.0), ('035', 39.990851, 116.3297785, 1235404743.0, 1235404748.0), 110.5447181387357)
('39.9584800479904_116.35926407149908_1246523100', ('004', 39.95850566666667, 116.35942399999999, 1246523176.0, 1246523186.0), ('000', 39.959329499999996, 116.360414, 1246523318.0, 1246523323.0), 124.5843470643025)
('39.9584800479904_116.35926407149908_1246523100', ('004', 39.95850566666667, 116.35942399999999, 1246523176.0, 1246523186.0), ('003', 39.959329499999996, 116.360414, 1246523318.0, 1246523323.0), 124.5843470643025)
('39.9584800479904_116.35926407149908_1246523100', ('000', 39.9585115, 116.359333, 1246523128.0, 1246523133.0), ('003', 39.959329499999996, 116.360414, 1246523318.0, 1246523323.0), 129.50939663602605)
('39.9584800479904_116.35926407149908_1246523100', ('003', 39.9585166, 116.3594116, 1246523168.0, 1246523188.0), ('000', 39.959329499999996, 116.360414, 1246523318.0, 1246523323.0), 124.41642188734097)
('39.9584800479904_116.35926407149908_1246523100', ('000', 39.959329499999996, 116.360414, 1246523318.0, 1246523323.0), ('003', 39.9585115, 116.359333, 1246523128.0, 1246523133.0), 129.50939663602605)
('39.9584800479904_116.35926407149908_1246523100', ('003', 39.959329499999996, 116.360414, 1246523318.0, 1246523323.0), ('000', 39.9585166, 116.3594116, 1246523168.0, 1246523188.0), 124.41642188734097)
('39.97017770845831_116.299668308093_1231674600', ('022', 39.9702686, 116.30080720000001, 1231674745.0, 1231674756.0), ('023', 39.970961000000024, 116.2998803333334, 1231674703.0, 1231674723.0), 110.33537079967951)
('39.97647644871026_116.32888191760578_1314629100', ('058', 39.9768083333333, 116.328883333333, 1314629179.0, 1314629179.0), ('059', 39.977025, 116.33005, 1314629278.0, 1314629278.0), 102.3203972166856)
('39.97647644871026_116.32888191760578_1314629100', ('141', 39.9768083333333, 116.328883333333, 1314629179.0, 1314629179.0), ('059', 39.977025, 116.33005, 1314629278.0, 1314629278.0), 102.3203972166856)
('39.97647644871026_116.32888191760578_1314629100', ('141', 39.9768083333333, 116.328883333333, 1314629179.0, 1314629179.0), ('058', 39.977025, 116.33005, 1314629278.0, 1314629278.0), 102.3203972166856)
('39.97647644871026_116.32888191760578_1314629100', ('059', 39.9768083333333, 116.328883333333, 1314629179.0, 1314629179.0), ('058', 39.977025, 116.33005, 1314629278.0, 1314629278.0), 102.3203972166856)
('39.98277518896221_116.3090166631371_1236330900', ('030', 39.9834885, 116.31001350000001, 1236330995.0, 1236331003.0), ('004', 39.98288388888889, 116.30911866666663, 1236330964.0, 1236330999.0), 101.68084223876417)
('31.235624619076184_121.46930864747515_1243059300', ('000', 31.234788199999997, 121.4695976, 1243059538.0, 1243059583.0), ('004', 31.235563499999998, 121.47024850000001, 1243059301.0, 1243059326.0), 106.15530871992682)
('31.235624619076184_121.46930864747515_1243059300', ('003', 31.234788199999997, 121.4695976, 1243059538.0, 1243059583.0), ('004', 31.235563499999998, 121.47024850000001, 1243059301.0, 1243059326.0), 106.15530871992682)
('24.455480647870424_118.06066468952359_1324493700', ('153', 24.455433102999997, 118.0617652235, 1324493927.0, 1324493932.0), ('163', 24.454668653652167, 118.06119304456524, 1324493703.0, 1324493808.0), 102.88994335393652)
('24.455480647870424_118.06066468952359_1324493700', ('163', 24.455433102999997, 118.0617652235, 1324493927.0, 1324493932.0), ('153', 24.454668653652167, 118.06119304456524, 1324493703.0, 1324493808.0), 102.88994335393652)
('39.98727428914217_116.44807344441794_1287428700', ('163', 39.98731855555555, 116.44912405555556, 1287428905.0, 1287428980.0), ('153', 39.9881155, 116.448577, 1287428704.0, 1287428709.0), 100.15641795481054)
('39.98727428914217_116.44807344441794_1287428700', ('163', 39.9881155, 116.448577, 1287428704.0, 1287428709.0), ('153', 39.98731855555555, 116.44912405555556, 1287428905.0, 1287428980.0), 100.15641795481054)
('39.92608652669466_116.47144433202817_1211380200', ('128', 39.9268945, 116.47250245000001, 1211380430.0, 1211380436.0), ('153', 39.9261733, 116.47166825, 1211380216.0, 1211380218.0), 107.229988474665)
('39.92608652669466_116.47144433202817_1211380200', ('128', 39.9261733, 116.47166825, 1211380216.0, 1211380218.0), ('153', 39.9268945, 116.47250245000001, 1211380430.0, 1211380436.0), 107.229988474665)
('39.980075728854224_116.32888191760578_1226293500', ('013', 39.9801152, 116.32998699999999, 1226293785.0, 1226293791.0), ('085', 39.9808928064516, 116.32913329032257, 1226293512.0, 1226293572.0), 113.02862734033036)
('32.9839749490102_114.02684948799846_1210005900', ('128', 32.98375900555556, 114.0258064111111, 1210005900.0, 1210005954.0), ('153', 32.98312995, 114.02682494999999, 1210006110.0, 1210006112.0), 118.01239460235719)
('32.9839749490102_114.02684948799846_1210005900', ('128', 32.98312995, 114.02682494999999, 1210006110.0, 1210006112.0), ('153', 32.98375900555556, 114.0258064111111, 1210005900.0, 1210005954.0), 118.01239460235719)
('39.966578428314335_116.37562369282624_1236595800', ('037', 39.96718396, 116.3757306, 1236595977.0, 1236595985.0), ('017', 39.9666133, 116.3766783, 1236596018.0, 1236596018.0), 102.74236545144056)
('39.991773389322134_116.32654482884477_1225528500', ('167', 39.991792999999994, 116.32759259999997, 1225528745.0, 1225528753.0), ('126', 39.992282, 116.326595, 1225528798.0, 1225528798.0), 100.92340184660907)
('40.4578801679664_-3.5789625998035746_1240581900', ('163', 40.457997666666664, -3.579103, 1240582098.0, 1240582100.0), ('153', 40.458721, -3.580049, 1240582115.0, 1240582115.0), 113.50399690224715)
('40.00437086982603_116.32187065132273_1240635600', ('000', 40.004593, 116.32193699999999, 1240635601.0, 1240635611.0), ('030', 40.00522, 116.3229332, 1240635632.0, 1240635642.0), 109.85420104316105)
('40.00437086982603_116.32187065132273_1240635600', ('003', 40.004593, 116.32193699999999, 1240635601.0, 1240635611.0), ('030', 40.00522, 116.3229332, 1240635632.0, 1240635642.0), 109.85420104316105)
('39.99087356928614_116.32888191760578_1236612000', ('035', 39.99088016666667, 116.32989758333333, 1236612156.0, 1236612201.0), ('044', 39.991763500000005, 116.32964899999999, 1236612048.0, 1236612053.0), 100.51072708224771)
('39.99087356928614_116.32888191760578_1236612000', ('035', 39.990875333333335, 116.32993833333332, 1236612136.0, 1236612146.0), ('044', 39.991763500000005, 116.32964899999999, 1236612048.0, 1236612053.0), 101.82104204308554)
('40.00257122975405_116.32303919570323_1237905600', ('003', 40.00302285714286, 116.32417514285714, 1237905842.0, 1237905872.0), ('004', 40.003465, 116.323089, 1237905800.0, 1237905800.0), 104.79861011312136)
('39.99087356928614_116.38497204787033_1248021900', ('068', 39.99176091025644, 116.38521966666667, 1248021926.0, 1248022080.0), ('153', 39.99089257142858, 116.38592850000002, 1248022132.0, 1248022197.0), 113.91878405998368)
('40.88709432513497_117.72061827479479_1251922800', ('048', 40.887148, 117.720735, 1251922971.0, 1251922971.0), ('049', 40.887827, 117.721621, 1251922975.0, 1251922975.0), 106.08843788805947)
('39.97467680863827_116.32654482884477_1231832100', ('003', 39.975525000000005, 116.32761800000002, 1231832255.0, 1231832265.0), ('030', 39.974691799999995, 116.3267566, 1231832200.0, 1231832207.0), 118.23731251626106)
('40.009769790041986_116.31485938503965_1239854700', ('030', 40.010287, 116.3148865, 1239854901.0, 1239854919.0), ('004', 40.009787, 116.315929, 1239854963.0, 1239854963.0), 104.79105321216147)
('25.75572059988002_110.13442815651521_1293281700', ('153', 25.755504000000002, 110.134372, 1293281817.0, 1293281818.0), ('163', 25.755603666666662, 110.13334266666668, 1293281929.0, 1293281933.0), 103.71263054242486)
('25.75572059988002_110.13442815651521_1293281700', ('153', 25.755603666666662, 110.13334266666668, 1293281929.0, 1293281933.0), ('163', 25.755504000000002, 110.134372, 1293281817.0, 1293281818.0), 103.71263054242486)
('39.96297914817036_116.49598376401892_1210444200', ('163', 39.963877, 116.497101, 1210444200.0, 1210444200.0), ('153', 39.963019925, 116.49649287499999, 1210444266.0, 1210444272.0), 108.51761833432802)
('39.954880767846426_116.45041053317897_1244467500', ('068', 39.95498555555557, 116.45050300000003, 1244467560.0, 1244467576.0), ('017', 39.9557233, 116.4514858, 1244467756.0, 1244467757.0), 117.2838772667339)
('30.60485077384523_121.13159932150737_1317426900', ('055', 30.604645, 121.13271, 1317427148.0, 1317427148.0), ('075', 30.6044183333333, 121.131611666667, 1317426923.0, 1317426923.0), 108.130081399742)
('40.34270320335933_116.8255132793231_1251915000', ('049', 40.343291, 116.826622, 1251915110.0, 1251915110.0), ('048', 40.342821, 116.825533, 1251915106.0, 1251915106.0), 106.09641296631936)
('31.288714001199757_121.54876966534991_1246123500', ('000', 31.288199249999998, 121.549745, 1246123764.0, 1246123799.0), ('003', 31.288671, 121.548789, 1246123534.0, 1246123534.0), 104.93262347721367)
('31.288714001199757_121.54876966534991_1246123500', ('000', 31.288671, 121.548789, 1246123534.0, 1246123534.0), ('003', 31.288199249999998, 121.549745, 1246123764.0, 1246123799.0), 104.93262347721367)
('39.98997374925015_116.32888191760578_1236099000', ('004', 39.989979, 116.328925, 1236099245.0, 1236099245.0), ('035', 39.9905692, 116.3300394, 1236099001.0, 1236099016.0), 115.44955098590003)
('39.980075728854224_116.30784811875658_1235996700', ('034', 39.9808666, 116.30891745, 1235996897.0, 1235996900.0), ('037', 39.98012294, 116.30799628, 1235996954.0, 1235996965.0), 114.04539088192358)
('39.980075728854224_116.30784811875658_1235996700', ('037', 39.98012294, 116.30799628, 1235996954.0, 1235996965.0), ('034', 39.98085548333333, 116.30885995000001, 1235996910.0, 1235996939.0), 109.80796721448336)
('40.9077901859628_117.92043936386223_1251923700', ('049', 40.908508, 117.921577, 1251923810.0, 1251923810.0), ('048', 40.90786, 117.920668, 1251923806.0, 1251923806.0), 105.0432231139154)
('25.03676439112177_121.56512928667708_1337043900', ('153', 25.035929003, 121.565225399, 1337044198.0, 1337044198.0), ('163', 25.0359591365, 121.566256633, 1337044006.0, 1337044007.0), 103.98071864852784)
('34.05476079184163_-118.4503808372091_1289115000', ('153', 34.054716, -118.450455, 1289115213.0, 1289115213.0), ('163', 34.0542978, -118.4514668, 1289115133.0, 1289115140.0), 104.2008804720257)
('37.363399064187156_-121.91978910294723_1288821900', ('153', 37.363268000000005, -121.9198785, 1288821995.0, 1288821996.0), ('163', 37.3625595, -121.92087749999999, 1288821931.0, 1288821932.0), 118.36592386430104)
('37.363399064187156_-121.91978910294723_1288821900', ('163', 37.363268000000005, -121.9198785, 1288821995.0, 1288821996.0), ('153', 37.3625595, -121.92087749999999, 1288821931.0, 1288821932.0), 118.36592386430104)
('39.93238526694661_116.45625325508152_1237788300', ('037', 39.9332566, 116.45662663333333, 1237788300.0, 1237788305.0), ('068', 39.932399, 116.45729766666666, 1237788522.0, 1237788526.0), 111.24296046950532)
('39.97557662867426_116.3300504619863_1182835800', ('128', 39.97576666666665, 116.330966666667, 1182836088.0, 1182836094.0), ('082', 39.9764, 116.330066666667, 1182835922.0, 1182835922.0), 104.15125728562373)
('39.96927788842231_116.33121900636681_1228902300', ('032', 39.969314, 116.332387, 1228902313.0, 1228902316.0), ('015', 39.970126, 116.331594, 1228902508.0, 1228902508.0), 112.81441623451313)
('25.75302113977204_110.13559670089573_1293270300', ('153', 25.752987, 110.134516, 1293270401.0, 1293270401.0), ('163', 25.752389333333337, 110.13542333333334, 1293270301.0, 1293270306.0), 112.6141428412181)
('39.99987176964607_116.32187065132273_1226125800', ('003', 39.9998805, 116.32298349999999, 1226125898.0, 1226125903.0), ('004', 40.0004635, 116.32205275, 1226125849.0, 1226125864.0), 102.44319227625347)
('39.97827608878224_116.30434248561505_1321857600', ('165', 39.97827916666665, 116.3047541666665, 1321857748.0, 1321857748.0), ('020', 39.979175, 116.305455, 1321857762.0, 1321857762.0), 116.17666048756145)
('39.97827608878224_116.30434248561505_1321857600', ('020', 39.979175, 116.305455, 1321857762.0, 1321857762.0), ('165', 39.97848798958337, 116.30466932291672, 1321857749.0, 1321857780.0), 101.60634589548367)
('40.00167140971805_116.32537628446426_1245248400', ('000', 40.001677, 116.326527, 1245248585.0, 1245248585.0), ('004', 40.002472250000004, 116.325925125, 1245248512.0, 1245248547.0), 102.24609854745796)
('40.00167140971805_116.32537628446426_1245248400', ('004', 40.002472250000004, 116.325925125, 1245248512.0, 1245248547.0), ('003', 40.001677, 116.326527, 1245248585.0, 1245248585.0), 102.24609854745796)
('37.37149744451109_-121.92095764732777_1288822200', ('163', 37.37128571428571, -121.92207614285715, 1288822407.0, 1288822430.0), ('153', 37.3706275, -121.920991, 1288822200.0, 1288822202.0), 120.67068039154653)
('37.37149744451109_-121.92095764732777_1288822200', ('163', 37.3706275, -121.920991, 1288822200.0, 1288822202.0), ('153', 37.37128571428571, -121.92207614285715, 1288822407.0, 1288822430.0), 120.67068039154653)
('39.99987176964607_116.32654482884477_1230131400', ('003', 40.000723199999996, 116.32684020000002, 1230131560.0, 1230131580.0), ('004', 39.999877, 116.32740166666667, 1230131495.0, 1230131500.0), 105.5831910791887)
('39.99987176964607_116.32654482884477_1230131400', ('003', 40.000723199999996, 116.32684020000002, 1230131560.0, 1230131580.0), ('004', 39.999880000000005, 116.327395, 1230131515.0, 1230131525.0), 105.02893613829262)
('39.99717230953809_116.31836501818118_1238408100', ('003', 39.9976325, 116.319523, 1238408110.0, 1238408130.0), ('000', 39.99801, 116.31839, 1238408195.0, 1238408195.0), 105.27854944874332)
('37.36159942411518_-121.91862055856673_1288821900', ('153', 37.361592, -121.91869, 1288821981.0, 1288821981.0), ('163', 37.36096483333333, -121.919576, 1288821947.0, 1288821952.0), 104.89018200996331)
('40.88529468506299_117.71828118603376_1251922800', ('049', 40.886121, 117.719429, 1251922965.0, 1251922965.0), ('048', 40.885451, 117.718536, 1251922961.0, 1251922961.0), 105.79646813889651)
('42.33490476304739_117.47054977736536_1281158100', ('153', 42.3356685, 117.47068100000001, 1281158368.0, 1281158369.0), ('163', 42.3349645, 117.47150500000001, 1281158334.0, 1281158335.0), 103.54750514985732)
('42.33490476304739_117.47054977736536_1281158100', ('163', 42.3356685, 117.47068100000001, 1281158368.0, 1281158369.0), ('153', 42.3349645, 117.47150500000001, 1281158334.0, 1281158335.0), 103.54750514985732)
('39.991773389322134_116.20384766889107_1222255500', ('140', 39.9926229, 116.2046333, 1222255622.0, 1222255628.0), ('128', 39.9918866, 116.2038833, 1222255741.0, 1222255741.0), 103.88539646724125)
('39.991773389322134_116.20384766889107_1222255500', ('140', 39.9926229, 116.2046333, 1222255622.0, 1222255628.0), ('128', 39.9918199, 116.20385, 1222255673.0, 1222255673.0), 111.50435268244736)
('39.991773389322134_116.20384766889107_1222255500', ('128', 39.99257575, 116.2046508, 1222255621.0, 1222255627.0), ('140', 39.9918649, 116.2038833, 1222255673.0, 1222255673.0), 102.61269433640113)
('39.92968580683863_116.42119692366619_1228993800', ('003', 39.930317, 116.421219, 1228993904.0, 1228993904.0), ('004', 39.929839, 116.422359, 1228994051.0, 1228994051.0), 110.82210404490455)
('40.87449684463107_117.57221313846985_1251922200', ('049', 40.875118, 117.573344, 1251922435.0, 1251922435.0), ('048', 40.874574, 117.57224, 1251922431.0, 1251922431.0), 110.82828023140462)
('31.239223899220153_121.47865700251923_1243068000', ('000', 31.239019499999998, 121.478667, 1243068288.0, 1243068293.0), ('003', 31.23840233333333, 121.479676, 1243068003.0, 1243068013.0), 117.98554021658062)
('31.239223899220153_121.47865700251923_1243068000', ('003', 31.239019499999998, 121.478667, 1243068288.0, 1243068293.0), ('000', 31.23840233333333, 121.479676, 1243068003.0, 1243068013.0), 117.98554021658062)
('40.009769790041986_116.32303919570323_1232387700', ('030', 40.010639, 116.3236795, 1232387923.0, 1232387925.0), ('005', 40.009787, 116.323066, 1232387956.0, 1232387956.0), 108.22543299109954)
('39.99447284943011_116.32537628446426_1242649200', ('003', 39.994533, 116.32594, 1242649254.0, 1242649264.0), ('000', 39.995333, 116.326534, 1242649204.0, 1242649204.0), 102.37275002536505)
('39.99447284943011_116.32537628446426_1242649200', ('000', 39.994533, 116.32594, 1242649254.0, 1242649264.0), ('003', 39.995333, 116.326534, 1242649204.0, 1242649204.0), 102.37275002536505)
('39.97467680863827_116.45625325508152_1210419000', ('163', 39.9755295, 116.457204, 1210419128.0, 1210419258.0), ('153', 39.9747805, 116.45645163333334, 1210419067.0, 1210419071.0), 105.13530517315496)
('31.210429658068385_121.37348800827321_1246256400', ('003', 31.209673125000005, 121.37364062500001, 1246256545.0, 1246256575.0), ('000', 31.210346, 121.374535, 1246256525.0, 1246256525.0), 113.31732830675465)
('31.210429658068385_121.37348800827321_1246256400', ('003', 31.210346, 121.374535, 1246256525.0, 1246256525.0), ('000', 31.209673125000005, 121.37364062500001, 1246256545.0, 1246256575.0), 113.31732830675465)
('39.99987176964607_116.32654482884477_1225208100', ('003', 40.000751, 116.326675, 1225208274.0, 1225208274.0), ('005', 39.999923375, 116.3273285, 1225208103.0, 1225208128.0), 107.58697102223859)
('39.99987176964607_116.32654482884477_1225208100', ('003', 40.000751, 116.326675, 1225208274.0, 1225208274.0), ('005', 40.00011, 116.32764, 1225208203.0, 1225208208.0), 108.83140755685594)
('39.99987176964607_116.32654482884477_1225208100', ('003', 40.000751, 116.326675, 1225208274.0, 1225208274.0), ('004', 39.9999505, 116.32726975, 1225208100.0, 1225208115.0), 102.45070565278294)
('39.99987176964607_116.32654482884477_1225208100', ('003', 40.000751, 116.326675, 1225208274.0, 1225208274.0), ('005', 40.0000898, 116.3275646, 1225208148.0, 1225208168.0), 105.6147829729152)
('39.954880767846426_116.45508471070102_1210841400', ('153', 39.95567495, 116.45624415, 1210841598.0, 1210841600.0), ('128', 39.9549091, 116.45515051666666, 1210841468.0, 1210841481.0), 126.29885128367921)
('39.954880767846426_116.45508471070102_1210841400', ('128', 39.95567495, 116.45624415, 1210841598.0, 1210841600.0), ('153', 39.9549091, 116.45515051666666, 1210841468.0, 1210841481.0), 126.29885128367921)
('39.08025569286143_113.65408383061535_1304310300', ('153', 39.079467, 113.65399066666667, 1304310378.0, 1304310380.0), ('163', 39.080128333333334, 113.65296666666666, 1304310333.0, 1304310335.0), 115.01543882326355)
('39.08025569286143_113.65408383061535_1304310300', ('153', 39.080128333333334, 113.65296666666666, 1304310333.0, 1304310335.0), ('163', 39.079467, 113.65399066666667, 1304310378.0, 1304310380.0), 115.01543882326355)
('40.88619450509898_117.71944973041428_1251922800', ('048', 40.886282, 117.719646, 1251922966.0, 1251922966.0), ('049', 40.886954, 117.720527, 1251922970.0, 1251922970.0), 105.23984843606137)
('39.991773389322134_116.32537628446426_1222781700', ('167', 39.992662, 116.326518, 1222781700.0, 1222781700.0), ('126', 39.99178446666667, 116.32565120000002, 1222781794.0, 1222781822.0), 122.40694845711124)
('39.991773389322134_116.32537628446426_1222781700', ('126', 39.992662, 116.326518, 1222781700.0, 1222781700.0), ('167', 39.99178446666667, 116.32565120000002, 1222781794.0, 1222781822.0), 122.40694845711124)
('40.00167140971805_116.32420774008375_1240839900', ('000', 40.002445, 116.32526966666666, 1240840072.0, 1240840082.0), ('030', 40.00187533333334, 116.32424383333334, 1240840045.0, 1240840052.0), 107.95690483121153)
('40.00167140971805_116.32420774008375_1240839900', ('030', 40.00187533333334, 116.32424383333334, 1240840045.0, 1240840052.0), ('003', 40.002445, 116.32526966666666, 1240840072.0, 1240840082.0), 107.95690483121153)
('40.00167140971805_116.32420774008375_1240839900', ('030', 40.00187533333334, 116.32424383333334, 1240840045.0, 1240840052.0), ('004', 40.00245966666667, 116.32523733333333, 1240840074.0, 1240840084.0), 106.7243636666824)
('39.93958382723455_116.34641008331346_1214124300', ('125', 39.94039, 116.34744873333332, 1214124427.0, 1214124455.0), ('081', 39.939735, 116.34647, 1214124491.0, 1214124491.0), 110.7919262104675)
('39.93958382723455_116.34641008331346_1214124300', ('125', 39.939735, 116.34647, 1214124491.0, 1214124491.0), ('081', 39.94039, 116.34744873333332, 1214124427.0, 1214124455.0), 110.7919262104675)
('39.831605422915416_119.4138390821557_1218369300', ('126', 39.832396, 119.4139225, 1218369515.0, 1218369517.0), ('167', 39.831680500000004, 119.41481, 1218369501.0, 1218369503.0), 109.91109694374954)
('39.831605422915416_119.4138390821557_1218369300', ('126', 39.831680500000004, 119.41481, 1218369501.0, 1218369503.0), ('167', 39.832396, 119.4139225, 1218369515.0, 1218369517.0), 109.91109694374954)
('39.90089156568686_116.40834293548056_1240644000', ('030', 39.901711666666664, 116.40844266666666, 1240644000.0, 1240644011.0), ('003', 39.900912428571424, 116.40927599999999, 1240644185.0, 1240644215.0), 113.83958340856108)
('39.90089156568686_116.40834293548056_1240644000', ('030', 39.901711666666664, 116.40844266666666, 1240644000.0, 1240644011.0), ('000', 39.900912428571424, 116.40927599999999, 1240644185.0, 1240644215.0), 113.83958340856108)
('32.711329478104375_-117.16848765178817_1313744700', ('153', 32.710593, -117.169655, 1313744983.0, 1313744983.0), ('163', 32.71128325, -117.16869774999999, 1313744928.0, 1313744934.0), 117.98620640672645)
('25.046662411517694_121.52423023335918_1337118000', ('153', 25.0458944925, 121.52437003349999, 1337118265.0, 1337118266.0), ('163', 25.045812237, 121.525393082, 1337118142.0, 1337118142.0), 103.49861798177021)
('25.046662411517694_121.52423023335918_1337118000', ('153', 25.045812237, 121.525393082, 1337118142.0, 1337118142.0), ('163', 25.0458944925, 121.52437003349999, 1337118265.0, 1337118266.0), 103.49861798177021)
('39.97647644871026_116.32888191760578_1216911000', ('153', 39.977284600000004, 116.32972260000001, 1216911100.0, 1216911108.0), ('096', 39.976497, 116.328886, 1216911108.0, 1216911108.0), 112.95769715289845)
('39.99087356928614_116.34407299455243_1213450200', ('126', 39.99170995, 116.3441916, 1213450223.0, 1213450225.0), ('167', 39.99091594444443, 116.34498077777779, 1213450246.0, 1213450273.0), 111.00786249355336)
('39.972877168566285_116.33121900636681_1231831800', ('030', 39.973461, 116.331235, 1231831973.0, 1231831973.0), ('003', 39.972972999999996, 116.33236066666666, 1231832070.0, 1231832080.0), 110.24144752604569)
('39.972877168566285_116.33121900636681_1231831800', ('003', 39.972972999999996, 116.33236066666666, 1231832070.0, 1231832080.0), ('030', 39.973397, 116.331254, 1231831977.0, 1231831977.0), 105.4650288487326)
('39.972877168566285_116.33121900636681_1231831800', ('003', 39.972972999999996, 116.33236066666666, 1231832070.0, 1231832080.0), ('030', 39.97375366666667, 116.33127300000001, 1231832000.0, 1231832003.0), 127.02651215253024)
('39.97737626874625_116.3090166631371_1314627300', ('141', 39.97826833333334, 116.30909944444433, 1314627378.0, 1314627378.0), ('059', 39.9773883333333, 116.3100833333335, 1314627589.0, 1314627589.0), 128.8940463391158)
('39.97737626874625_116.3090166631371_1314627300', ('141', 39.97826833333334, 116.30909944444433, 1314627378.0, 1314627378.0), ('058', 39.97753313333334, 116.31003703333336, 1314627590.0, 1314627599.0), 114.34048673883821)
('39.97737626874625_116.3090166631371_1314627300', ('141', 39.97826833333334, 116.30909944444433, 1314627378.0, 1314627378.0), ('059', 39.97753313333334, 116.31003703333336, 1314627590.0, 1314627599.0), 114.34048673883821)
('39.97737626874625_116.3090166631371_1314627300', ('141', 39.97826833333334, 116.30909944444433, 1314627378.0, 1314627378.0), ('058', 39.9773883333333, 116.3100833333335, 1314627589.0, 1314627589.0), 128.8940463391158)
('39.97737626874625_116.3090166631371_1314627300', ('059', 39.9773883333333, 116.3100833333335, 1314627589.0, 1314627589.0), ('058', 39.97826222222222, 116.30919916666683, 1314627375.0, 1314627376.0), 122.99474215036552)
('39.97737626874625_116.3090166631371_1314627300', ('059', 39.9773883333333, 116.3100833333335, 1314627589.0, 1314627589.0), ('058', 39.97826833333334, 116.30909944444433, 1314627378.0, 1314627378.0), 128.8940463391158)
('39.97737626874625_116.3090166631371_1314627300', ('059', 39.9773883333333, 116.3100833333335, 1314627589.0, 1314627589.0), ('141', 39.97826222222222, 116.30919916666683, 1314627375.0, 1314627376.0), 122.99474215036552)
('39.97737626874625_116.3090166631371_1314627300', ('059', 39.97826222222222, 116.30919916666683, 1314627375.0, 1314627376.0), ('058', 39.97753313333334, 116.31003703333336, 1314627590.0, 1314627599.0), 108.05907346000475)
('39.97737626874625_116.3090166631371_1314627300', ('059', 39.97826222222222, 116.30919916666683, 1314627375.0, 1314627376.0), ('141', 39.9773883333333, 116.3100833333335, 1314627589.0, 1314627589.0), 122.99474215036552)
('39.97737626874625_116.3090166631371_1314627300', ('059', 39.97826222222222, 116.30919916666683, 1314627375.0, 1314627376.0), ('058', 39.9773883333333, 116.3100833333335, 1314627589.0, 1314627589.0), 122.99474215036552)
('39.97737626874625_116.3090166631371_1314627300', ('059', 39.97826222222222, 116.30919916666683, 1314627375.0, 1314627376.0), ('141', 39.97753313333334, 116.31003703333336, 1314627590.0, 1314627599.0), 108.05907346000475)
('39.97737626874625_116.3090166631371_1314627300', ('058', 39.97753313333334, 116.31003703333336, 1314627590.0, 1314627599.0), ('059', 39.97826833333334, 116.30909944444433, 1314627378.0, 1314627378.0), 114.34048673883821)
('39.97737626874625_116.3090166631371_1314627300', ('058', 39.97753313333334, 116.31003703333336, 1314627590.0, 1314627599.0), ('141', 39.97826222222222, 116.30919916666683, 1314627375.0, 1314627376.0), 108.05907346000475)
('39.97737626874625_116.3090166631371_1314627300', ('058', 39.97826222222222, 116.30919916666683, 1314627375.0, 1314627376.0), ('141', 39.9773883333333, 116.3100833333335, 1314627589.0, 1314627589.0), 122.99474215036552)
('39.97737626874625_116.3090166631371_1314627300', ('058', 39.97826222222222, 116.30919916666683, 1314627375.0, 1314627376.0), ('059', 39.97753313333334, 116.31003703333336, 1314627590.0, 1314627599.0), 108.05907346000475)
('39.97737626874625_116.3090166631371_1314627300', ('058', 39.97826222222222, 116.30919916666683, 1314627375.0, 1314627376.0), ('141', 39.97753313333334, 116.31003703333336, 1314627590.0, 1314627599.0), 108.05907346000475)
('39.97737626874625_116.3090166631371_1314627300', ('059', 39.97826833333334, 116.30909944444433, 1314627378.0, 1314627378.0), ('141', 39.9773883333333, 116.3100833333335, 1314627589.0, 1314627589.0), 128.8940463391158)
('39.97737626874625_116.3090166631371_1314627300', ('059', 39.97826833333334, 116.30909944444433, 1314627378.0, 1314627378.0), ('058', 39.9773883333333, 116.3100833333335, 1314627589.0, 1314627589.0), 128.8940463391158)
('39.97737626874625_116.3090166631371_1314627300', ('059', 39.97826833333334, 116.30909944444433, 1314627378.0, 1314627378.0), ('141', 39.97753313333334, 116.31003703333336, 1314627590.0, 1314627599.0), 114.34048673883821)
('39.97737626874625_116.3090166631371_1314627300', ('058', 39.97826833333334, 116.30909944444433, 1314627378.0, 1314627378.0), ('141', 39.9773883333333, 116.3100833333335, 1314627589.0, 1314627589.0), 128.8940463391158)
('39.97737626874625_116.3090166631371_1314627300', ('058', 39.97826833333334, 116.30909944444433, 1314627378.0, 1314627378.0), ('059', 39.97753313333334, 116.31003703333336, 1314627590.0, 1314627599.0), 114.34048673883821)
('39.97737626874625_116.3090166631371_1314627300', ('058', 39.97826833333334, 116.30909944444433, 1314627378.0, 1314627378.0), ('141', 39.97753313333334, 116.31003703333336, 1314627590.0, 1314627599.0), 114.34048673883821)
('39.97737626874625_116.3090166631371_1314627300', ('059', 39.97753313333334, 116.31003703333336, 1314627590.0, 1314627599.0), ('141', 39.97826222222222, 116.30919916666683, 1314627375.0, 1314627376.0), 108.05907346000475)
('39.97737626874625_116.3090166631371_1314627300', ('058', 39.9773883333333, 116.3100833333335, 1314627589.0, 1314627589.0), ('141', 39.97826222222222, 116.30919916666683, 1314627375.0, 1314627376.0), 122.99474215036552)
('22.279715800839828_114.18109734622595_1336331100', ('163', 22.27901003166667, 114.18105101916667, 1336331210.0, 1336331235.0), ('153', 22.2795714605, 114.18008287925, 1336331336.0, 1336331349.0), 117.59769910286168)
('22.279715800839828_114.18109734622595_1336331100', ('153', 22.27901003166667, 114.18105101916667, 1336331210.0, 1336331235.0), ('163', 22.2795714605, 114.18008287925, 1336331336.0, 1336331349.0), 117.59769910286168)
('39.96297914817036_116.29382558619045_1280065800', ('163', 39.963457500000004, 116.29496599999999, 1280065839.0, 1280065842.0), ('153', 39.962991, 116.293894, 1280065941.0, 1280065941.0), 105.09408969524705)
('39.90988976604679_116.42470255680772_1238835600', ('082', 39.91009571428571, 116.42472528571429, 1238835688.0, 1238835716.0), ('084', 39.91074775, 116.42557025000002, 1238835846.0, 1238835861.0), 102.26016206510641)
('40.03856403119376_116.47261287640869_1244180700', ('000', 40.038594, 116.473034, 1244180787.0, 1244180787.0), ('004', 40.039389, 116.473645, 1244180783.0, 1244180783.0), 102.6000121751762)
('40.03856403119376_116.47261287640869_1244180700', ('004', 40.039389, 116.473645, 1244180783.0, 1244180783.0), ('003', 40.038594, 116.473034, 1244180787.0, 1244180787.0), 102.6000121751762)
('39.980075728854224_115.99117259163802_1211033400', ('144', 39.9808655, 115.9908444, 1211033602.0, 1211033606.0), ('089', 39.9801166, 115.99005, 1211033580.0, 1211033580.0), 107.34633743605443)
('39.980075728854224_115.99117259163802_1211033400', ('089', 39.9808655, 115.9908444, 1211033602.0, 1211033606.0), ('144', 39.9801166, 115.99005, 1211033580.0, 1211033580.0), 107.34633743605443)
('39.97467680863827_116.31252229627863_1314678900', ('141', 39.97534583333335, 116.31252416666649, 1314679080.0, 1314679080.0), ('059', 39.97513, 116.313679166667, 1314678981.0, 1314678981.0), 101.33457627629217)
('39.97467680863827_116.31252229627863_1314678900', ('141', 39.97534583333335, 116.31252416666649, 1314679080.0, 1314679080.0), ('058', 39.97513, 116.313679166667, 1314678981.0, 1314678981.0), 101.33457627629217)
('39.97467680863827_116.31252229627863_1314678900', ('058', 39.97534583333335, 116.31252416666649, 1314679080.0, 1314679080.0), ('059', 39.97513, 116.313679166667, 1314678981.0, 1314678981.0), 101.33457627629217)
('39.97467680863827_116.31252229627863_1314678900', ('058', 39.97534583333335, 116.31252416666649, 1314679080.0, 1314679080.0), ('141', 39.97513, 116.313679166667, 1314678981.0, 1314678981.0), 101.33457627629217)
('39.97467680863827_116.31252229627863_1314678900', ('058', 39.97513, 116.313679166667, 1314678981.0, 1314678981.0), ('059', 39.97534583333335, 116.31252416666649, 1314679080.0, 1314679080.0), 101.33457627629217)
('39.97467680863827_116.31252229627863_1314678900', ('059', 39.97534583333335, 116.31252416666649, 1314679080.0, 1314679080.0), ('141', 39.97513, 116.313679166667, 1314678981.0, 1314678981.0), 101.33457627629217)
('25.071857372525493_121.57330909734065_1337166900', ('163', 25.071679683, 121.57435475466666, 1337166952.0, 1337166954.0), ('153', 25.071419885375, 121.57331855899999, 1337166928.0, 1337166935.0), 108.3220017672731)
('25.071857372525493_121.57330909734065_1337166900', ('163', 25.071419885375, 121.57331855899999, 1337166928.0, 1337166935.0), ('153', 25.071679683, 121.57435475466666, 1337166952.0, 1337166954.0), 108.3220017672731)
('25.754820779844028_110.13442815651521_1293281700', ('163', 25.754643, 110.134117, 1293281903.0, 1293281906.0), ('153', 25.753953, 110.133279, 1293281958.0, 1293281958.0), 113.7462703236292)
('39.97017770845831_116.299668308093_1231674900', ('023', 39.97092357142858, 116.299766904762, 1231674958.0, 1231674988.0), ('022', 39.97025485714285, 116.30071099999998, 1231674934.0, 1231674951.0), 109.58678627052672)
('39.97017770845831_116.299668308093_1231674900', ('023', 39.97092357142858, 116.299766904762, 1231674958.0, 1231674988.0), ('022', 39.97025400000001, 116.30073275000001, 1231674961.0, 1231674990.0), 111.01943264036761)
('39.991773389322134_116.20384766889107_1196288400', ('056', 39.9926366, 116.2048816, 1196288576.0, 1196288576.0), ('128', 39.9919066, 116.2039166, 1196288554.0, 1196288554.0), 115.56608170196598)
('39.991773389322134_116.20384766889107_1196288400', ('056', 39.9926366, 116.2048816, 1196288576.0, 1196288576.0), ('163', 39.9919066, 116.2039166, 1196288554.0, 1196288554.0), 115.56608170196598)
('39.991773389322134_116.20384766889107_1196288400', ('056', 39.9926366, 116.2048816, 1196288576.0, 1196288576.0), ('082', 39.9919066, 116.2039166, 1196288554.0, 1196288554.0), 115.56608170196598)
('39.991773389322134_116.20384766889107_1196288400', ('056', 39.9926366, 116.2048816, 1196288576.0, 1196288576.0), ('115', 39.9919066, 116.2039166, 1196288554.0, 1196288554.0), 115.56608170196598)
('39.991773389322134_116.20384766889107_1196288400', ('128', 39.9926366, 116.2048816, 1196288576.0, 1196288576.0), ('163', 39.9919066, 116.2039166, 1196288554.0, 1196288554.0), 115.56608170196598)
('39.991773389322134_116.20384766889107_1196288400', ('128', 39.9926366, 116.2048816, 1196288576.0, 1196288576.0), ('056', 39.9919066, 116.2039166, 1196288554.0, 1196288554.0), 115.56608170196598)
('39.991773389322134_116.20384766889107_1196288400', ('128', 39.9926366, 116.2048816, 1196288576.0, 1196288576.0), ('082', 39.9919066, 116.2039166, 1196288554.0, 1196288554.0), 115.56608170196598)
('39.991773389322134_116.20384766889107_1196288400', ('128', 39.9926366, 116.2048816, 1196288576.0, 1196288576.0), ('115', 39.9919066, 116.2039166, 1196288554.0, 1196288554.0), 115.56608170196598)
('39.991773389322134_116.20384766889107_1196288400', ('082', 39.9926366, 116.2048816, 1196288576.0, 1196288576.0), ('128', 39.9919066, 116.2039166, 1196288554.0, 1196288554.0), 115.56608170196598)
('39.991773389322134_116.20384766889107_1196288400', ('082', 39.9926366, 116.2048816, 1196288576.0, 1196288576.0), ('163', 39.9919066, 116.2039166, 1196288554.0, 1196288554.0), 115.56608170196598)
('39.991773389322134_116.20384766889107_1196288400', ('082', 39.9926366, 116.2048816, 1196288576.0, 1196288576.0), ('056', 39.9919066, 116.2039166, 1196288554.0, 1196288554.0), 115.56608170196598)
('39.991773389322134_116.20384766889107_1196288400', ('082', 39.9926366, 116.2048816, 1196288576.0, 1196288576.0), ('115', 39.9919066, 116.2039166, 1196288554.0, 1196288554.0), 115.56608170196598)
('39.991773389322134_116.20384766889107_1196288400', ('128', 39.9919066, 116.2039166, 1196288554.0, 1196288554.0), ('115', 39.9926366, 116.2048816, 1196288576.0, 1196288576.0), 115.56608170196598)
('39.991773389322134_116.20384766889107_1196288400', ('163', 39.9919066, 116.2039166, 1196288554.0, 1196288554.0), ('115', 39.9926366, 116.2048816, 1196288576.0, 1196288576.0), 115.56608170196598)
('39.991773389322134_116.20384766889107_1196288400', ('115', 39.9926366, 116.2048816, 1196288576.0, 1196288576.0), ('056', 39.9919066, 116.2039166, 1196288554.0, 1196288554.0), 115.56608170196598)
('39.991773389322134_116.20384766889107_1196288400', ('115', 39.9926366, 116.2048816, 1196288576.0, 1196288576.0), ('082', 39.9919066, 116.2039166, 1196288554.0, 1196288554.0), 115.56608170196598)
('39.92338706658668_116.2681176098192_1239778500', ('041', 39.9238136, 116.26917694, 1239778524.0, 1239778528.0), ('026', 39.924281, 116.268128, 1239778784.0, 1239778784.0), 103.48361028379627)
('40.009769790041986_116.32187065132273_1238420700', ('003', 40.01047, 116.3230025, 1238420795.0, 1238420800.0), ('000', 40.009797, 116.322118, 1238420930.0, 1238420930.0), 106.21656081149744)
('39.96477878824235_116.34757862769398_1244772600', ('003', 39.96479, 116.348247, 1244772864.0, 1244772864.0), ('004', 39.965671, 116.348683, 1244772867.0, 1244772867.0), 104.80586432039297)
('39.96477878824235_116.34757862769398_1244772600', ('004', 39.965671, 116.348683, 1244772867.0, 1244772867.0), ('000', 39.96479, 116.348247, 1244772864.0, 1244772864.0), 104.80586432039297)
('39.966578428314335_116.41068002424159_1226588700', ('062', 39.96670828, 116.41168094, 1226588842.0, 1226588850.0), ('017', 39.967403250000004, 116.4107108, 1226588755.0, 1226588762.0), 113.20434314230522)
('39.93238526694661_116.47611850955022_1238837700', ('084', 39.932395, 116.476144, 1238837786.0, 1238837786.0), ('082', 39.93305633333333, 116.47726349999999, 1238837915.0, 1238837934.0), 120.5325863962683)
('40.00527068986202_116.41068002424159_1215349200', ('126', 40.00558840000001, 116.41077159999999, 1215349361.0, 1215349385.0), ('167', 40.00610675, 116.411845, 1215349209.0, 1215349212.0), 108.11072490521863)
('40.00527068986202_116.41068002424159_1215349200', ('126', 40.00610675, 116.411845, 1215349209.0, 1215349212.0), ('167', 40.00558840000001, 116.41077159999999, 1215349361.0, 1215349385.0), 108.11072490521863)
('39.99087356928614_116.3300504619863_1236095700', ('034', 39.99162528, 116.33092960000002, 1236095814.0, 1236095823.0), ('035', 39.990911499999996, 116.33007699999999, 1236095961.0, 1236095996.0), 107.62135136191834)
('23.4206876064787_120.64197922607312_1336920300', ('153', 23.419833407, 120.6431344, 1336920582.0, 1336920582.0), ('163', 23.42055077075, 120.64208174675001, 1336920554.0, 1336920557.0), 133.8290206806093)
('31.259919760047985_121.44243212672338_1185442500', ('128', 31.2598833333333, 121.44245, 1185442706.0, 1185442706.0), ('153', 31.2597, 121.443483333333, 1185442634.0, 1185442634.0), 100.3451282156244)
('40.04846205158968_116.30667957437608_1229353500', ('032', 40.049351, 116.307289, 1229353507.0, 1229353507.0), ('015', 40.048533500000005, 116.307792, 1229353622.0, 1229353627.0), 100.5117207475297)
('40.04846205158968_116.30667957437608_1229353500', ('032', 40.048533500000005, 116.307792, 1229353622.0, 1229353627.0), ('015', 40.049351, 116.307289, 1229353507.0, 1229353507.0), 100.5117207475297)
('39.90179138572285_116.40834293548056_1240643700', ('003', 39.90188025, 116.4087335, 1240643835.0, 1240643850.0), ('000', 39.902637500000004, 116.40949024999999, 1240643700.0, 1240643715.0), 106.13251053877596)
('39.90179138572285_116.40834293548056_1240643700', ('003', 39.902637500000004, 116.40949024999999, 1240643700.0, 1240643715.0), ('000', 39.90188025, 116.4087335, 1240643835.0, 1240643850.0), 106.13251053877596)
('39.90179138572285_116.40834293548056_1240643700', ('003', 39.902637500000004, 116.40949024999999, 1240643700.0, 1240643715.0), ('030', 39.90189933333333, 116.408612, 1240643838.0, 1240643857.0), 111.16398101402461)
('39.90179138572285_116.40834293548056_1240643700', ('000', 39.902637500000004, 116.40949024999999, 1240643700.0, 1240643715.0), ('030', 39.90189933333333, 116.408612, 1240643838.0, 1240643857.0), 111.16398101402461)
('25.25722029994001_110.30620418045038_1293168600', ('153', 25.25681885714286, 110.30607871428572, 1293168874.0, 1293168886.0), ('163', 25.25721, 110.305062, 1293168843.0, 1293168843.0), 111.14685802180837)
('25.25722029994001_110.30620418045038_1293168600', ('163', 25.25681885714286, 110.30607871428572, 1293168874.0, 1293168886.0), ('153', 25.25721, 110.305062, 1293168843.0, 1293168843.0), 111.14685802180837)
('39.98187536892621_115.98532986973545_1211033400', ('089', 39.9826849, 115.9853133, 1211033650.0, 1211033650.0), ('144', 39.981998266666665, 115.98451386666666, 1211033548.0, 1211033552.0), 102.3492689968175)
('25.75302113977204_110.13442815651521_1293270300', ('153', 25.752921, 110.13330300000001, 1293270434.0, 1293270435.0), ('163', 25.753003, 110.134408, 1293270403.0, 1293270403.0), 111.07623359385495)
('25.75302113977204_110.13442815651521_1293270300', ('153', 25.753003, 110.134408, 1293270403.0, 1293270403.0), ('163', 25.752921, 110.13330300000001, 1293270434.0, 1293270435.0), 111.07623359385495)
('40.98787416916616_117.93679898518938_1252046400', ('140', 40.988265, 117.93791974999999, 1252046682.0, 1252046697.0), ('128', 40.9878849, 117.9368266, 1252046687.0, 1252046687.0), 101.05186442751098)
('43.985174709058185_11.217146346230919_1241370000', ('163', 43.985211500000005, 11.216066, 1241370003.0, 1241370005.0), ('153', 43.986020599999996, 11.216663200000001, 1241370048.0, 1241370056.0), 101.90010373043357)
('43.985174709058185_11.217146346230919_1241370000', ('163', 43.986020599999996, 11.216663200000001, 1241370048.0, 1241370056.0), ('153', 43.985211500000005, 11.216066, 1241370003.0, 1241370005.0), 101.90010373043357)
('39.99987176964607_116.32654482884477_1231944600', ('005', 40.0007625, 116.32684599999999, 1231944721.0, 1231944731.0), ('030', 39.99990983333334, 116.32734366666666, 1231944604.0, 1231944617.0), 103.89003222871324)
('31.185234697060586_121.43542086044032_1246172700', ('000', 31.185155, 121.435428, 1246172872.0, 1246172872.0), ('003', 31.184447000000002, 121.436283, 1246172827.0, 1246172837.0), 113.23004835923528)
('39.9953726694661_116.3090166631371_1246541400', ('000', 39.996255, 116.309526, 1246541592.0, 1246541592.0), ('004', 39.995388999999996, 116.31017000000001, 1246541561.0, 1246541576.0), 110.86009460573061)
('39.9953726694661_116.3090166631371_1246541400', ('003', 39.996255, 116.309526, 1246541592.0, 1246541592.0), ('004', 39.995388999999996, 116.31017000000001, 1246541561.0, 1246541576.0), 110.86009460573061)
('40.36609852429514_116.87225505454356_1251915000', ('049', 40.366799, 116.873423, 1251915280.0, 1251915280.0), ('048', 40.366324, 116.872376, 1251915276.0, 1251915276.0), 103.26973133104332)
('23.041863371325732_120.25168540298233_1336916100', ('163', 23.041522274666665, 120.25275586833334, 1336916209.0, 1336916212.0), ('153', 23.041010911, 120.251693238, 1336916232.0, 1336916232.0), 122.74136599929605)
('23.041863371325732_120.25168540298233_1336916100', ('153', 23.041010911, 120.251693238, 1336916232.0, 1336916232.0), ('163', 23.041781851, 120.252721441, 1336916205.0, 1336916205.0), 135.75491805674895)
('39.986374469106174_116.45742179946204_1196469000', ('101', 39.9872083, 116.4585183, 1196469072.0, 1196469072.0), ('109', 39.9867716, 116.4574849, 1196469037.0, 1196469037.0), 100.57688273339424)
('40.01156943011397_116.3207021069422_1225764000', ('005', 40.01244233333333, 116.32096566666667, 1225764026.0, 1225764036.0), ('004', 40.01164242857142, 116.32167228571427, 1225764181.0, 1225764296.0), 107.42473931951803)
('40.01156943011397_116.3207021069422_1225764000', ('004', 40.01164242857142, 116.32167228571427, 1225764181.0, 1225764296.0), ('005', 40.012468, 116.321118, 1225764006.0, 1225764006.0), 103.25795833830075)
('39.97467680863827_116.31135375189812_1216114800', ('096', 39.97482899999999, 116.31151359999998, 1216115002.0, 1216115020.0), ('167', 39.97538770967743, 116.31245019354841, 1216114972.0, 1216115005.0), 101.17013764026126)
('39.99987176964607_116.32654482884477_1234523700', ('004', 39.99988225, 116.32695949999999, 1234523862.0, 1234523877.0), ('030', 40.000731, 116.327383, 1234523700.0, 1234523700.0), 101.06770357341185)
('39.97647644871026_116.34173590579141_1226920800', ('096', 39.976502333333336, 116.34221500000001, 1226920926.0, 1226920936.0), ('179', 39.977374, 116.341745, 1226920818.0, 1226920818.0), 104.90570092273559)
('39.97647644871026_116.34173590579141_1226920800', ('179', 39.976502333333336, 116.34221500000001, 1226920926.0, 1226920936.0), ('096', 39.977374, 116.341745, 1226920818.0, 1226920818.0), 104.90570092273559)
